HOW ARE YOU
221
200
222
62
77
146
106
167
221
197
222
62
76
157
107
128
223
200
220
63
75
180
104
94
221
200
219
62
76
173
101
90
220
201
219
63
76
173
105
115
219
198
221
62
75
159
108
142
219
201
221
62
75
141
109
171
220
202
221
62
75
134
111
188
220
198
220
62
75
144
110
189
219
197
218
62
79
145
108
171
219
196
216
63
79
167
107
128
221
199
218
63
77
169
106
97
222
200
218
62
73
171
104
81
222
201
217
62
72
174
108
91
220
203
220
62
73
172
112
120
220
201
219
62
73
135
112
157
222
203
219
62
73
142
110
191
223
202
219
61
73
133
111
184
222
201
219
62
73
150
112
193
222
198
218
62
82
158
111
147
222
197
217
63
77
157
101
88
224
196
215
65
75
164
94
72
225
197
214
65
71
155
88
55
224
196
213
65
71
158
93
56
223
197
213
66
73
159
100
90
222
200
217
63
73
168
106
128
227
203
218
62
75
140
115
187
226
203
218
62
75
153
115
184
224
198
215
64
75
163
112
177
221
196
213
66
75
165
102
106
223
193
213
65
73
143
98
68
223
196
213
64
72
107
95
46
223
195
212
63
73
113
96
34
223
195
210
65
73
126
99
53
223
193
211
64
72
153
97
75
222
190
215
62
71
169
99
127
225
193
214
63
72
155
110
166
226
200
218
63
72
142
111
179
225
198
216
62
72
157
111
182
223
198
215
62
73
164
110
159
222
197
215
62
75
173
103
112
221
195
211
63
75
155
98
74
221
194
209
63
75
127
96
51
221
194
212
63
76
108
95
43
221
192
212
63
76
97
93
34
220
190
208
63
76
114
93
36
221
190
206
64
75
143
95
63
220
191
210
63
75
177
90
93
223
200
212
63
75
162
105
144
223
199
218
62
74
146
116
181
223
199
219
62
74
137
117
188
220
196
217
62
73
153
115
189
219
188
214
66
73
160
111
136
219
188
211
65
75
163
98
81
220
186
209
64
76
136
101
49
220
187
209
63
71
93
99
35
220
187
209
63
75
101
103
37
220
186
209
62
73
131
105
47
220
197
209
64
73
158
104
77
221
200
214
63
72
165
103
125
223
205
214
63
76
141
102
174
222
202
213
63
75
151
98
187
221
202
213
63
75
167
100
178
219
200
212
64
74
163
104
118
219
191
209
66
74
155
102
67
219
190
209
63
74
115
98
38
219
189
210
63
74
92
102
45
218
190
210
63
72
90
97
32
218
196
208
63
74
99
99
40
219
200
209
64
75
128
106
57
220
206
212
64
76
166
104
87
220
205
211
64
77
167
110
139
221
203
213
63
77
150
113
176
223
204
213
63
77
151
116
186
222
202
213
63
76
167
114
165
220
202
213
62
75
166
110
146
219
196
210
65
76
161
99
76
218
201
209
63
76
119
96
50
222
203
210
63
76
118
95
47
227
202
212
62
75
118
90
25
225
198
209
63
75
129
100
49
224
198
210
62
74
160
101
90
224
203
215
63
74
171
103
134
225
205
216
62
74
148
112
173
225
205
216
62
75
153
113
183
223
203
216
62
74
158
111
174
222
200
213
63
78
172
105
119
223
197
211
63
77
154
100
79
222
195
209
62
76
139
88
47
221
195
209
63
75
114
93
49
221
194
210
62
76
94
98
31
221
192
207
62
77
112
94
33
222
193
208
64
78
143
101
68
220
200
211
62
77
165
97
100
221
204
213
63
77
153
108
157
223
205
215
62
76
138
112
179
222
204
214
62
76
142
112
190
221
203
215
62
77
147
111
183
221
202
214
63
77
161
107
144
220
199
210
64
78
167
101
97
220
191
207
63
78
157
93
52
219
191
207
63
82
92
96
54
218
194
208
63
86
87
97
35
218
192
207
63
86
106
95
32
219
188
208
63
85
147
99
65
219
197
209
63
82
172
102
121
221
208
214
63
80
144
115
166
223
205
213
63
80
141
116
185
220
201
211
63
80
154
112
180
218
199
211
63
81
165
109
158
217
199
208
63
82
161
102
92
217
194
206
64
82
125
102
58
217
194
210
63
76
101
100
37
216
193
210
63
78
94
94
34
217
191
207
62
76
111
97
35
218
198
208
64
76
142
103
60
215
198
212
63
76
167
94
98
217
200
213
63
77
156
108
151
218
204
213
63
77
139
115
186
218
205
212
62
77
143
112
185
217
203
212
63
77
154
110
171
216
199
210
64
77
170
104
124
216
197
209
64
78
155
102
66
217
188
209
63
78
120
105
50
218
187
211
63
78
98
104
44
217
194
213
62
76
81
96
28
216
193
211
64
83
103
102
37
217
194
212
65
82
116
109
61
216
195
211
64
82
166
97
93
216
198
213
65
82
176
101
146
219
207
213
63
83
137
113
186
217
204
213
63
81
146
111
189
216
202
212
63
80
160
111
173
216
198
211
64
79
159
106
110
216
194
210
65
80
148
101
64
216
188
209
64
78
124
96
41
218
188
211
63
78
97
95
37
217
195
210
63
79
94
94
27
217
185
212
65
85
124
104
51
216
195
212
65
82
146
109
69
218
200
217
64
82
167
108
117
217
205
215
63
80
137
116
182
218
202
214
63
80
140
122
188
217
202
214
63
79
142
115
182
216
200
212
63
78
164
111
158
216
198
212
64
79
163
103
99
217
193
213
65
78
151
102
64
217
193
213
65
76
120
102
47
219
191
214
64
75
99
95
35
218
192
212
63
74
88
95
30
218
184
213
64
75
136
104
54
218
202
213
65
76
163
100
84
217
199
214
62
77
173
103
139
218
203
212
63
77
135
110
170
218
201
212
63
77
152
113
189
216
199
211
63
77
156
109
178
215
197
212
63
77
166
102
116
215
195
211
64
79
142
101
60
215
195
212
63
78
109
100
47
215
196
212
63
76
89
99
35
215
195
210
62
76
98
97
35
215
192
210
63
76
142
102
67
215
194
211
63
76
168
96
100
216
200
212
63
76
157
104
163
217
202
212
63
78
146
109
177
217
202
211
63
77
152
112
186
216
200
211
63
76
154
112
169
215
199
211
63
77
175
106
129
215
197
210
64
78
156
101
79
215
197
209
64
77
107
102
50
216
195
211
63
80
93
104
49
216
194
212
63
78
92
98
23
216
191
211
63
77
132
105
45
216
200
211
64
77
154
108
80
215
197
211
63
76
165
104
130
216
200
213
63
77
145
112
168
216
202
212
63
77
153
111
188
214
200
212
63
77
157
109
179
214
198
211
63
76
163
108
129
214
196
211
64
76
158
103
78
216
190
211
64
77
112
110
58
215
189
211
63
77
91
104
41
216
192
212
63
97
94
102
26
216
189
212
63
79
134
104
51
216
196
213
63
79
159
102
78
216
195
213
63
80
171
104
142
215
203
213
63
79
146
110
176
217
203
213
63
79
145
110
185
216
202
211
62
79
158
111
182
214
200
211
63
79
167
106
132
214
197
209
63
79
158
100
78
215
196
210
63
79
118
100
50
215
194
211
63
78
115
102
34
215
195
212
63
77
90
103
40
215
194
210
62
78
101
102
35
215
196
210
64
78
136
104
64
214
198
209
64
77
174
94
95
215
202
214
63
78
152
108
146
216
204
212
62
78
147
110
179
216
201
209
64
78
156
110
185
214
200
209
63
78
160
108
166
213
199
208
63
79
163
106
106
214
192
210
63
79
146
100
65
219
187
213
62
77
125
99
33
220
186
213
62
76
117
97
40
221
184
208
62
76
118
100
41
220
184
207
62
76
117
101
44
220
184
207
61
76
122
101
42
220
184
207
62
76
123
101
44
220
999