I
116
198
215
60
178
94
169
83
127
197
215
60
177
94
169
87
129
197
215
60
177
94
169
81
124
197
215
59
177
92
169
82
124
197
215
60
176
94
168
84
130
197
215
59
177
95
169
81
131
198
214
60
176
93
168
79
129
197
215
59
176
92
168
80
128
198
214
60
176
94
168
81
127
200
214
59
177
93
168
80
128
205
218
60
183
94
168
78
127
206
218
59
183
92
167
79
128
206
217
59
182
91
167
80
129
204
216
59
181
93
167
79
129
204
216
59
181
92
167
79
129
204
215
59
180
94
167
78
129
204
215
59
180
91
167
78
130
205
215
59
180
92
168
82
130
204
215
59
180
92
168
81
129
204
215
59
180
91
168
82
130
204
213
59
180
91
169
83
130
204
213
59
182
92
169
83
130
203
213
59
181
90
171
84
134
202
212
59
181
91
165
76
132
202
213
59
180
92
168
78
138
202
212
59
180
97
167
82
132
201
213
59
180
94
170
85
133
202
212
59
180
94
169
81
136
201
213
59
180
95
170
84
139
202
214
59
180
96
169
82
148
201
212
59
178
95
170
82
147
200
212
59
179
96
170
81
148
200
212
59
178
97
169
82
148
200
212
59
179
96
169
82
149
199
212
59
178
96
169
82
150
200
211
59
179
96
170
82
151
199
212
59
178
96
169
81
154
200
211
59
178
96
169
81
150
200
212
59
178
96
170
82
150
200
211
59
178
96
169
81
147
200
212
59
178
97
169
82
148
200
211
59
178
96
170
82
147
199
211
59
177
97
169
83
147
200
211
59
177
97
170
80
145
199
211
59
178
96
169
82
145
199
211
59
177
97
169
81
145
199
210
59
177
97
169
80
144
199
211
59
177
97
169
80
144
199
211
59
177
97
169
82
145
199
211
59
177
97
169
82
144
199
211
59
177
97
169
82
145
200
211
59
177
98
168
82
143
199
211
59
176
97
169
77
144
199
211
59
176
97
168
82
140
198
211
59
176
96
168
79
139
198
210
59
176
95
168
77
139
198
211
59
176
97
168
79
140
198
210
59
176
96
167
77
139
198
210
59
177
98
168
77
139
198
210
59
177
97
167
78
139
198
210
59
176
103
171
88
139
198
210
59
176
103
172
89
138
198
211
59
176
102
174
89
138
198
211
59
175
104
179
94
137
198
211
59
176
107
171
83
137
198
212
59
175
106
174
99
137
197
212
60
175
109
176
95
137
198
212
60
175
107
175
95
137
197
212
60
175
105
174
93
137
197
212
60
175
106
175
91
137
197
212
60
175
107
173
90
137
197
212
60
174
106
174
90
137
197
212
59
175
104
173
91
137
197
211
59
175
106
174
89
137
197
211
59
175
104
173
88
137
197
211
59
175
104
173
89
137
197
211
60
174
104
173
89
137
197
211
59
174
105
174
87
137
197
211
59
174
104
173
89
137
197
211
59
174
104
172
90
137
197
211
59
174
104
173
89
137
197
211
60
174
104
173
89
137
197
211
59
174
104
172
86
137
197
211
59
174
104
173
89
138
197
211
59
174
102
174
89
138
197
210
59
174
104
172
88
138
197
211
59
174
103
173
89
138
197
211
59
174
104
173
88
137
197
211
60
174
100
174
89
138
197
211
59
174
102
173
89
138
197
210
59
174
102
172
86
137
197
211
59
174
102
174
87
138
197
211
59
174
102
172
88
138
197
210
59
174
102
173
88
138
196
211
59
174
101
173
88
153
197
211
59
173
101
173
88
161
197
210
60
174
102
172
87
143
196
210
60
174
102
173
86
131
196
210
60
173
102
173
88
133
196
210
59
174
103
173
87
149
197
210
59
174
100
173
90
138
196
209
59
174
102
173
89
141
196
210
59
174
101
173
89
138
196
209
59
174
102
173
88
136
196
210
59
173
102
173
89
152
196
210
60
174
101
173
88
148
197
209
60
173
102
173
89
145
196
209
60
174
102
173
88
136
196
209
59
173
102
173
88
135
196
209
59
174
102
173
87
133
196
210
59
173
102
173
88
133
196
210
59
173
103
173
86
128
196
210
60
173
101
172
86
121
197
210
59
173
101
172
86
121
198
211
60
173
101
173
86
124
198
214
60
173
101
172
87
123
198
216
60
173
102
173
88
124
197
215
59
173
101
172
87
125
197
214
60
173
104
172
87
124
197
214
60
173
101
173
87
124
196
214
60
173
100
172
88
124
196
213
60
173
103
172
83
123
196
214
59
173
102
172
86
122
196
214
60
173
102
172
87
122
196
213
59
172
102
172
86
122
196
213
59
172
101
172
85
123
196
213
59
172
100
171
85
123
196
213
59
173
101
172
85
122
196
214
59
173
101
172
87
122
196
213
59
172
100
172
86
122
196
213
59
172
100
172
86
123
196
213
59
173
101
172
86
123
196
213
59
172
101
171
84
123
196
212
59
172
101
171
85
123
196
213
59
172
101
172
85
123
196
213
59
172
100
171
85
123
196
213
59
172
100
171
85
122
196
213
59
172
101
172
84
123
196
213
59
172
100
171
85
123
196
213
59
172
101
171
84
123
196
213
59
172
100
171
86
123
196
213
59
172
100
171
83
123
196
213
59
172
100
171
83
123
196
212
59
172
100
171
84
123
196
213
59
172
99
171
84
123
196
211
59
172
98
170
84
123
196
212
60
172
99
170
83
122
196
212
59
172
100
170
83
123
196
212
59
172
99
170
83
123
196
212
59
172
100
170
83
123
196
212
59
172
101
170
83
123
196
213
59
172
99
171
83
122
196
212
59
172
100
170
83
122
196
212
59
172
99
170
83
122
196
212
59
172
100
170
83
121
196
212
60
171
99
170
84
122
196
211
59
171
101
169
79
130
196
211
59
172
99
170
82
144
196
210
59
172
100
169
81
153
195
210
59
171
101
170
80
144
196
209
59
171
101
169
80
139
196
209
59
171
100
169
80
128
195
210
59
171
100
169
80
129
196
210
59
172
101
169
80
136
195
210
59
171
101
169
78
136
195
209
59
171
101
168
79
124
196
209
58
171
101
169
78
124
195
209
59
171
101
169
78
124
195
209
59
172
101
168
79
125
195
209
59
171
102
168
79
127
195
209
59
171
101
169
79
129
195
208
59
171
101
169
78
132
196
208
59
171
101
168
80
134
196
211
59
171
101
168
79
145
195
209
59
171
102
169
80
138
195
208
59
171
102
168
80
136
194
209
59
171
102
169
80
134
195
209
59
171
104
169
79
132
195
210
59
171
103
169
78
132
195
210
59
171
103
170
78
130
195
210
59
171
100
167
81
130
195
209
59
171
102
169
79
130
195
210
59
171
103
170
77
132
195
210
59
171
103
169
86
132
195
210
59
170
106
171
83
132
195
210
59
170
109
171
85
135
195
210
59
171
110
173
88
136
195
211
59
171
110
173
90
135
195
211
59
171
114
176
92
133
195
211
59
171
114
175
94
132
194
211
60
171
112
173
90
133
195
210
59
171
112
175
91
133
195
211
59
171
112
174
92
134
194
210
59
171
111
174
93
134
195
212
59
170
111
174
92
135
195
212
59
170
112
175
92
135
195
211
59
171
110
174
91
135
195
210
59
171
110
174
92
134
195
210
59
171
109
174
91
133
195
210
59
171
109
175
91
134
194
211
59
171
108
174
91
133
194
211
59
171
107
177
93
133
195
210
59
171
108
172
95
133
195
210
59
171
108
175
91
133
195
209
59
171
107
173
94
133
194
209
59
171
106
173
92
132
195
209
59
171
107
174
90
132
194
209
59
170
107
174
90
132
195
209
59
170
107
174
91
134
195
210
58
170
107
173
91
150
195
209
59
170
103
175
96
151
195
208
59
170
111
174
92
151
195
208
59
170
107
175
90
152
195
208
59
170
107
176
97
151
195
208
59
170
107
176
94
152
194
208
59
171
102
174
94
152
194
207
59
171
106
173
88
151
195
208
59
171
105
174
93
151
195
207
59
170
105
174
94
151
195
208
59
171
105
175
95
151
999