LEARNING
164
138
142
94
89
112
120
39
163
138
141
94
89
108
111
39
163
138
141
93
90
125
109
38
164
138
141
95
89
113
106
26
163
137
141
94
89
145
116
64
164
137
141
93
90
181
120
89
164
137
142
93
92
168
127
107
163
137
142
93
91
163
135
97
164
137
142
93
94
172
138
94
164
137
142
93
93
163
139
94
164
137
141
93
93
169
139
79
164
137
141
93
93
138
132
55
163
137
141
94
93
113
125
44
163
137
141
95
93
112
116
38
164
137
140
95
93
109
111
41
163
137
140
95
93
104
110
32
163
137
141
95
92
132
114
43
164
137
141
95
92
163
126
75
163
136
143
93
93
162
137
94
163
136
143
93
94
166
138
99
164
136
142
92
93
166
141
98
163
136
143
91
93
173
140
89
163
136
142
92
93
135
143
70
162
136
141
93
93
109
131
45
162
136
141
94
93
105
116
36
163
136
140
93
93
100
105
38
162
136
141
94
92
110
108
30
162
136
142
93
93
131
122
50
163
136
143
92
93
156
141
91
163
135
143
92
97
162
137
98
163
135
143
91
97
165
142
102
163
135
143
92
99
162
141
98
162
135
143
91
99
135
151
87
162
135
142
92
98
109
138
52
162
136
140
92
98
115
122
37
162
135
141
93
97
112
112
37
162
135
141
93
96
108
109
35
161
135
141
93
96
123
110
32
161
135
142
93
96
150
127
64
162
135
141
93
97
161
136
99
162
135
140
91
97
164
143
97
162
134
141
91
98
167
143
93
162
134
141
92
98
140
149
96
161
134
141
93
98
132
134
51
160
134
141
95
97
122
124
38
164
135
141
94
95
114
115
38
163
135
140
95
94
109
111
34
162
136
141
94
93
124
118
42
162
135
142
94
94
150
133
72
163
136
142
93
94
166
139
93
163
135
141
93
94
161
141
102
163
135
141
94
94
159
148
100
162
134
141
93
94
161
147
96
162
135
141
95
95
142
144
81
161
135
141
95
95
119
131
45
162
135
140
97
94
105
121
35
161
134
140
98
94
92
117
42
162
134
140
97
94
129
119
44
162
134
140
94
94
168
130
92
162
133
140
95
96
167
134
104
162
132
140
93
96
157
142
100
162
132
140
94
97
163
143
96
162
132
140
94
97
170
137
90
161
133
140
94
97
144
138
66
161
133
140
97
96
102
131
43
162
133
140
98
96
98
120
37
161
133
139
98
96
85
118
33
161
133
140
96
96
130
119
41
161
133
141
96
95
153
134
67
161
132
141
95
95
162
136
90
161
132
141
94
96
158
138
92
161
132
142
94
97
158
145
81
161
132
141
94
96
152
146
91
160
132
141
95
96
132
146
52
160
132
140
96
96
114
133
45
160
132
139
97
96
111
118
32
160
133
140
95
96
100
111
40
160
132
140
97
96
122
112
33
160
132
141
95
96
153
126
71
160
133
141
95
97
157
138
85
161
133
142
94
98
159
143
91
161
133
142
93
99
158
143
93
161
133
142
93
100
156
146
88
160
132
141
93
99
154
147
89
160
132
141
95
98
127
136
57
160
132
140
97
97
113
122
35
160
132
140
97
96
103
112
36
159
132
139
97
95
99
111
40
160
131
140
97
94
107
109
31
159
132
140
96
93
139
119
46
160
132
140
95
95
163
134
89
160
133
140
95
95
161
135
97
161
132
140
94
96
160
145
99
161
132
140
94
97
160
145
94
160
132
140
94
97
135
147
103
160
132
140
95
96
139
136
57
160
132
139
97
97
94
127
39
159
132
139
97
96
96
110
39
159
132
139
97
97
95
110
35
159
131
139
97
96
122
110
37
159
132
139
96
96
153
127
68
160
132
140
95
96
166
134
89
160
131
140
94
97
154
141
92
160
132
141
94
99
162
145
88
160
132
140
94
99
159
146
93
160
131
140
94
99
149
142
58
159
131
139
95
100
112
135
49
159
131
138
96
99
107
123
42
159
132
139
96
99
106
111
34
159
131
138
97
100
102
108
34
158
132
138
96
98
117
114
37
159
132
139
95
98
153
129
72
160
131
139
95
99
157
139
91
160
131
139
94
98
153
147
98
160
131
138
94
98
156
145
90
160
131
139
94
98
159
146
95
159
131
138
95
98
142
137
56
159
131
138
96
98
89
126
48
159
130
138
95
99
103
108
29
158
130
138
96
98
107
107
40
159
131
138
96
97
117
108
32
159
130
138
95
97
150
119
57
159
130
138
96
100
158
137
92
159
130
140
93
99
163
139
98
160
130
141
91
101
151
145
90
160
129
140
92
99
160
143
90
159
129
140
92
100
132
140
70
158
130
139
94
99
123
130
52
158
130
138
96
99
115
113
32
158
130
138
97
101
98
106
36
158
129
138
97
100
101
104
30
158
130
138
96
99
141
112
48
159
130
139
95
99
160
127
84
159
131
139
99
98
157
136
91
158
131
139
101
98
165
139
98
157
131
139
99
98
159
144
88
158
131
139
98
98
167
144
88
158
131
138
99
97
123
143
57
157
130
138
101
97
116
127
42
157
130
137
102
97
106
113
36
157
129
137
102
97
110
107
31
157
130
137
102
97
98
106
31
157
129
138
102
96
143
111
44
157
130
137
99
97
148
131
76
158
129
138
98
97
165
135
101
157
130
138
99
97
165
139
95
157
129
138
98
97
165
139
90
158
129
138
98
97
140
146
90
157
129
138
99
97
137
140
58
157
129
137
99
97
118
124
45
157
129
137
101
97
101
112
34
156
129
136
101
97
105
107
38
156
129
136
101
97
101
107
30
156
129
137
101
96
129
117
42
156
130
138
99
98
157
135
84
158
129
139
98
97
166
142
94
158
129
139
97
98
158
147
93
158
129
139
97
98
157
145
91
158
129
139
96
98
148
150
92
157
128
138
97
98
140
144
70
157
128
138
98
98
123
126
44
156
128
137
99
98
108
113
36
156
128
137
99
99
109
110
40
156
127
137
100
99
110
107
38
155
128
137
100
97
116
107
35
155
128
137
99
97
146
119
54
156
128
138
97
98
164
138
91
157
127
138
96
99
161
139
98
157
127
139
96
100
162
144
95
156
127
138
97
100
153
143
96
156
127
137
97
99
137
139
53
156
127
137
99
100
108
123
44
155
127
137
100
98
99
108
36
155
127
137
101
99
98
106
38
155
127
137
101
98
120
105
30
155
127
137
99
98
133
119
50
156
127
138
97
98
166
137
88
157
128
138
97
98
162
139
103
156
128
138
97
101
150
143
92
156
128
137
97
100
168
140
92
156
128
137
97
99
145
144
70
156
127
137
99
100
105
132
44
155
127
136
100
99
102
117
36
155
127
136
100
99
92
111
31
155
127
137
99
98
127
117
49
156
127
138
97
99
158
128
71
156
127
138
97
99
165
133
93
157
126
139
97
100
161
138
97
156
127
138
96
99
153
145
93
156
126
138
96
100
161
143
94
156
127
137
96
100
134
143
61
155
126
137
98
100
94
127
47
155
126
137
99
100
104
114
30
154
126
136
100
101
98
113
38
154
126
136
98
100
124
112
36
154
126
137
97
100
168
125
77
155
126
139
95
100
166
134
103
155
126
139
95
100
153
137
73
156
126
138
95
98
168
142
90
156
126
138
95
99
137
146
69
155
125
137
99
98
97
134
43
155
126
136
98
98
93
116
38
154
125
136
99
99
76
115
36
155
125
137
97
99
142
123
52
155
125
138
96
98
163
131
87
155
126
138
96
99
156
136
99
155
125
139
95
101
152
144
88
155
125
138
96
101
152
145
92
154
126
136
99
101
115
137
43
154
125
136
102
100
98
124
39
154
125
136
103
100
99
115
38
153
125
136
103
100
100
113
42
154
125
136
101
100
110
112
26
154
125
137
100
100
145
131
59
155
125
137
99
101
154
135
87
155
125
137
97
101
154
143
91
155
125
137
97
101
148
148
84
155
125
137
97
101
138
149
100
154
126
136
97
101
130
136
60
154
125
136
99
101
121
104
23
154
126
136
99
101
100
107
41
154
125
136
99
101
110
106
25
154
125
137
98
100
156
120
61
154
125
138
97
100
153
133
99
155
125
139
96
100
165
133
99
155
125
139
96
102
161
143
95
155
125
139
95
102
162
143
96
155
124
138
95
102
161
144
96
155
125
139
95
103
164
145
93
155
125
138
96
104
163
143
93
155
125
138
96
104
161
144
93
155
125
139
95
105
162
146
89
156
125
138
95
104
160
146
92
155
125
138
95
104
162
144
90
155
125
137
96
103
163
142
86
155
125
138
95
103
157
143
90
154
125
138
95
103
144
142
79
153
123
138
96
103
107
127
57
153
123
137
96
103
103
102
30
152
116
137
95
105
128
93
33
152
115
138
95
107
106
90
39
153
114
138
95
108
114
89
40
152
114
137
95
107
111
93
44
152
114
137
95
108
113
92
43
152
114
137
96
108
111
89
41
152
114
136
96
108
107
83
40
152
114
136
96
108
106
82
44
152
114
136
96
108
107
82
44
152
114
136
96
108
109
81
44
152
114
136
96
108
108
82
45
152
114
136
96
108
109
81
45
152
114
136
95
108
109
81
46
152
114
136
96
108
109
80
44
152
114
137
96
108
109
81
46
152
114
136
96
108
108
80
45
151
114
136
96
108
109
80
46
152
114
136
96
108
108
80
45
152
114
136
96
108
108
80
46
152
114
136
95
108
109
79
44
152
114
137
96
108
109
79
46
152
114
136
96
108
108
78
45
152
114
136
96
108
109
78
46
152
114
136
96
107
109
77
46
152
114
136
96
107
108
77
47
152
114
136
96
108
108
77
46
152
114
136
96
107
108
76
46
152
114
136
96
107
107
75
46
152
114
136
96
108
107
75
48
152
114
136
96
107
107
74
48
152
114
136
96
107
106
72
50
152
114
136
97
107
106
68
48
152
113
136
97
107
109
70
50
152
114
136
97
106
107
70
50
152
114
136
97
107
107
70
51
152
114
136
96
106
105
68
48
151
114
136
96
107
108
72
51
151
114
136
97
107
109
74
51
152
114
136
97
107
103
73
47
152
114
136
97
107
103
74
51
152
115
136
97
107
103
71
48
152
114
136
96
107
103
71
48
152
114
136
97
107
105
71
51
152
114
136
97
107
104
69
48
152
114
136
97
107
105
71
49
152
114
136
97
107
105
70
48
151
114
136
97
107
106
70
49
152
114
136
97
107
105
69
50
151
114
136
97
108
102
70
49
152
114
136
97
107
105
70
51
152
114
136
96
107
104
68
50
151
114
136
97
107
104
69
51
152
114
136
96
108
103
69
51
152
114
136
97
108
102
68
51
152
114
136
97
107
102
68
50
151
114
136
97
108
102
68
50
152
114
136
97
108
102
68
51
152
114
136
96
108
102
68
51
152
114
136
97
107
100
67
52
152
114
136
97
107
100
67
53
152
114
136
97
107
98
64
50
152
114
136
97
108
99
66
53
152
114
136
97
108
99
65
53
152
114
136
97
108
98
65
52
152
113
136
96
107
99
65
53
152
114
137
96
108
99
66
55
152
114
136
97
107
98
64
52
152
114
137
97
107
98
64
53
152
114
136
96
108
97
65
53
152
114
136
96
108
98
64
51
152
114
136
97
108
99
66
55
152
114
136
96
107
98
66
53
152
114
136
96
108
98
66
52
152
114
136
96
108
99
66
54
152
114
136
96
107
97
65
52
152
114
136
96
108
98
65
52
999