R
249
207
125
120
168
108
174
90
247
205
125
118
166
107
174
93
248
206
125
118
170
107
175
93
247
205
124
118
169
108
175
92
247
205
124
118
168
108
175
93
247
205
124
118
167
108
174
94
246
203
126
118
165
107
174
94
245
203
126
117
164
107
176
96
245
203
126
118
164
108
176
96
244
203
126
117
164
108
176
95
245
203
126
118
164
108
176
97
244
203
126
118
163
105
175
98
245
203
126
118
163
106
176
96
244
203
126
118
162
108
175
96
244
202
127
118
162
106
175
97
243
203
126
119
162
106
175
94
244
203
127
119
162
106
176
98
244
202
127
119
162
105
176
96
244
202
127
119
162
104
175
94
244
202
127
120
162
106
175
98
243
202
127
118
161
103
176
93
242
201
138
117
157
104
174
93
241
202
148
115
154
102
174
94
241
201
150
114
154
105
175
94
239
200
143
115
154
103
175
96
243
202
140
116
166
104
175
94
244
202
137
117
167
104
174
97
243
201
137
116
164
105
175
94
242
201
136
116
163
106
177
96
242
200
136
116
162
103
174
90
242
200
136
116
162
104
174
97
242
200
137
116
162
106
175
95
242
200
136
116
161
104
175
98
243
201
136
116
161
104
175
99
243
201
135
116
161
106
176
97
248
203
134
116
170
106
176
98
248
202
133
117
172
105
176
98
248
202
132
117
171
108
177
98
247
201
132
117
169
104
175
99
246
200
132
117
168
105
176
99
245
200
132
117
167
106
176
99
245
199
132
117
166
103
176
100
245
200
133
117
166
105
177
99
245
200
135
116
166
103
175
102
244
199
135
116
165
103
178
103
244
199
135
116
165
102
177
102
244
199
134
116
165
106
176
99
244
199
134
116
164
103
177
102
244
199
135
116
165
103
177
102
244
198
135
116
164
104
177
102
244
198
135
116
164
103
176
100
244
198
135
116
164
98
175
102
244
199
135
116
164
98
176
102
243
199
135
116
164
96
176
104
243
198
135
116
164
96
176
98
243
199
135
118
164
98
176
100
243
198
135
117
163
98
176
102
243
198
136
117
163
98
176
101
242
198
135
117
164
98
175
101
243
198
135
117
164
100
177
101
242
198
136
117
164
101
178
104
243
198
135
116
164
108
178
98
242
197
135
116
164
105
177
105
242
198
135
116
164
104
177
103
242
197
137
116
164
108
177
103
242
197
136
115
163
105
176
100
242
198
136
115
163
102
176
102
242
197
135
116
163
102
177
100
242
197
135
116
163
102
177
101
242
197
135
116
163
102
175
99
242
197
134
116
163
102
176
99
242
198
134
117
163
100
175
98
242
197
134
117
162
102
176
99
242
198
135
117
163
100
176
98
241
198
135
116
163
100
176
100
242
197
135
116
162
100
176
98
241
198
135
116
162
100
176
97
242
197
134
116
162
99
177
97
242
198
135
117
162
100
175
102
242
197
136
116
162
103
176
94
242
198
135
118
162
100
176
98
242
197
136
117
162
98
173
92
242
197
136
118
161
96
173
93
241
197
136
118
162
100
175
89
241
197
136
117
162
97
174
92
241
197
136
117
162
98
174
93
241
197
136
117
162
98
175
91
241
197
136
118
161
99
173
92
241
197
136
118
162
99
174
94
241
197
136
119
162
99
175
92
241
198
137
118
162
98
175
91
241
197
137
118
161
97
172
92
241
197
136
118
161
97
175
93
241
197
137
118
162
100
175
95
241
197
137
117
162
99
174
93
241
197
136
118
161
100
174
98
240
198
132
122
161
98
176
96
243
198
130
121
165
100
175
97
244
199
130
119
167
100
175
97
243
198
130
120
165
100
176
100
242
197
129
120
164
99
176
98
241
197
128
120
162
103
176
101
240
197
129
119
162
102
175
96
240
197
128
119
161
102
176
100
240
196
128
118
161
102
177
99
240
196
128
118
161
102
175
99
240
197
128
118
161
101
176
99
240
197
128
118
161
101
176
98
239
197
128
118
160
99
175
98
240
197
129
118
160
100
175
96
240
197
129
119
161
100
175
99
239
197
130
119
161
99
176
97
239
197
130
118
160
98
174
98
239
196
130
118
160
98
175
94
239
196
130
118
160
98
175
96
239
197
130
118
160
97
176
95
239
197
130
119
159
100
174
99
239
197
130
119
160
96
177
98
239
197
131
119
160
98
175
97
239
197
131
119
159
94
173
96
239
196
132
120
160
96
175
94
239
196
132
119
159
97
173
95
239
196
131
119
159
94
173
95
239
196
131
119
159
96
174
99
239
196
131
118
160
99
176
97
239
197
131
116
159
99
177
101
239
197
130
115
159
95
178
98
240
196
130
117
160
100
173
97
240
196
130
116
160
102
176
95
240
196
130
116
160
100
175
94
239
196
130
117
160
101
175
94
238
196
130
117
159
102
175
93
239
196
130
116
159
100
174
92
238
196
131
116
159
100
175
93
238
196
131
117
159
101
175
94
236
196
132
117
157
101
174
93
236
196
132
118
157
101
175
93
236
196
132
118
156
100
175
92
235
196
132
117
156
101
174
93
235
196
132
117
156
99
174
94
235
195
133
118
155
100
175
93
235
196
132
117
155
101
174
94
236
196
132
117
156
101
174
93
235
195
132
117
155
101
174
92
235
195
132
117
155
100
174
93
233
195
132
117
153
101
174
92
231
194
132
118
151
100
174
92
231
194
133
118
150
100
174
93
231
194
133
117
150
100
174
92
231
195
132
117
151
100
174
91
231
194
132
118
151
100
175
92
231
194
132
117
151
101
174
93
231
194
132
117
151
101
174
92
232
194
132
118
151
100
174
93
232
194
137
117
152
101
174
93
233
194
136
116
155
102
175
91
233
194
147
114
154
103
174
94
232
193
151
111
153
109
174
89
232
193
146
114
152
113
173
89
231
193
158
110
151
108
174
89
231
193
155
110
150
109
174
92
231
193
151
111
150
107
174
88
231
193
149
110
149
108
174
89
231
194
147
111
149
105
172
86
231
194
147
110
149
104
172
84
231
194
147
110
149
105
172
84
231
194
148
110
150
107
172
85
231
194
147
110
149
104
169
81
231
194
147
110
149
105
171
82
231
194
147
111
149
106
169
79
231
194
147
111
149
106
170
79
231
194
147
111
149
106
170
81
231
193
147
111
149
106
169
80
231
193
148
112
149
106
170
81
231
193
147
112
149
107
171
79
231
193
147
112
150
108
170
81
230
193
147
111
150
107
169
79
230
193
147
111
150
106
170
79
230
193
146
111
151
107
169
81
230
193
146
111
150
107
171
82
230
193
147
111
151
105
170
85
230
193
146
111
150
105
171
80
230
193
147
111
151
103
170
82
230
193
146
111
151
104
170
79
231
192
146
111
151
102
169
81
230
193
146
111
150
102
169
77
230
192
146
110
150
102
169
82
231
193
146
111
152
104
170
80
233
195
144
111
156
107
171
84
234
195
142
113
153
110
171
82
238
197
141
113
157
111
173
87
239
200
141
114
163
110
173
86
231
195
143
115
153
107
173
85
230
195
144
114
143
110
171
83
225
190
147
113
116
109
173
85
226
190
148
112
124
111
173
85
239
203
146
112
157
109
173
86
240
202
146
112
153
109
173
85
245
201
146
111
142
109
172
86
246
203
150
111
131
109
173
87
246
204
151
112
126
111
172
85
246
203
152
112
124
109
172
84
245
202
149
112
127
110
172
87
243
200
149
110
129
109
172
85
242
200
145
110
133
115
173
88
242
199
143
108
133
112
172
87
241
199
140
109
134
113
173
89
240
198
138
110
134
112
173
89
240
198
137
110
133
114
174
89
239
198
136
110
134
115
174
93
238
198
136
111
134
115
174
90
237
198
134
113
135
115
174
94
237
197
133
113
135
116
175
92
237
198
132
114
135
116
175
93
237
197
132
114
135
116
175
94
237
198
132
114
134
116
174
92
237
197
132
115
135
117
174
92
237
197
131
115
136
117
175
93
237
197
130
115
137
117
173
91
237
197
130
115
137
114
174
92
237
198
130
115
139
114
174
91
237
198
129
117
139
109
174
91
236
198
128
117
140
112
174
90
236
198
128
117
140
107
174
90
236
197
129
118
140
106
174
90
235
198
128
118
139
103
173
90
236
197
128
118
139
103
174
90
235
197
129
118
138
105
174
88
236
197
129
118
138
103
173
90
235
198
129
119
138
103
175
89
236
197
129
119
138
105
174
89
235
198
129
119
137
105
174
91
236
197
129
119
137
104
174
90
236
197
129
119
138
106
174
88
235
197
129
119
138
106
174
88
236
197
129
118
138
101
173
91
238
199
128
118
143
102
174
90
238
198
128
118
141
99
174
92
237
198
129
117
140
101
175
92
236
198
129
117
141
100
175
97
235
197
129
118
145
103
177
97
234
198
129
119
144
104
177
99
234
197
129
119
144
104
175
100
234
198
129
118
144
104
176
99
234
197
128
118
143
110
179
105
234
197
128
118
143
108
176
99
233
196
129
118
143
113
177
101
234
197
128
118
143
111
176
100
233
197
129
118
143
111
174
102
234
197
129
118
143
112
178
100
234
197
128
119
143
112
176
102
234
197
129
119
143
112
176
108
234
197
129
119
143
111
177
101
234
197
129
120
143
112
177
105
235
197
129
120
142
107
177
102
235
197
129
121
141
107
176
104
235
197
130
121
142
108
178
100
235
197
130
121
142
106
176
102
235
197
131
121
142
106
177
103
234
197
131
121
142
106
177
102
234
197
132
121
142
108
177
101
234
197
132
121
142
111
178
102
234
197
132
122
141
106
175
98
214
192
131
131
135
107
174
105
169
125
130
125
131
110
175
90
164
115
127
122
123
126
141
52
164
112
127
117
107
120
107
35
164
112
127
112
106
118
118
44
163
114
131
105
113
122
121
44
163
115
130
102
114
124
126
45
162
114
129
101
114
130
122
45
161
113
128
102
114
132
123
49
160
113
128
102
114
134
121
49
160
113
128
102
114
134
123
49
160
112
128
101
114
135
123
49
160
112
128
101
114
135
123
50
160
112
128
101
115
135
123
49
160
113
128
101
115
135
123
49
160
113
128
101
115
135
123
49
160
113
128
100
115
135
123
49
160
113
128
100
115
135
123
50
160
113
128
100
115
136
124
51
160
112
128
100
115
136
124
51
160
113
128
100
115
136
123
50
160
113
128
100
115
136
123
50
160
113
127
100
115
136
123
50
161
113
128
100
115
136
123
50
999