COMPUTER
177
162
188
62
126
101
147
67
177
162
188
63
125
100
151
57
178
162
188
62
125
104
150
55
178
162
188
62
125
102
147
53
178
162
187
62
125
104
149
55
178
162
187
63
125
103
153
57
177
162
187
63
125
101
152
67
176
162
188
62
124
99
142
57
176
162
188
62
124
103
138
48
176
161
188
62
124
110
135
47
175
161
187
62
124
111
134
42
175
161
187
62
124
115
134
45
175
161
187
62
123
114
134
50
177
162
188
62
123
114
133
45
178
162
188
62
123
110
132
39
178
162
188
62
123
122
133
42
178
162
188
62
125
109
139
55
178
162
188
62
123
106
147
63
179
162
188
62
123
108
151
57
179
162
188
62
122
106
146
53
179
161
187
63
123
107
147
55
178
162
188
62
123
112
150
51
177
161
187
62
122
109
150
63
177
161
187
62
122
107
142
48
177
161
187
62
121
102
140
58
176
161
187
62
121
113
133
43
176
161
187
62
120
113
131
43
177
161
187
62
120
113
132
46
176
161
186
62
120
115
132
46
176
161
186
62
119
115
131
45
176
160
186
62
119
112
130
44
176
161
186
62
118
117
131
42
177
161
186
62
117
116
136
47
177
161
186
62
123
110
147
61
178
161
186
62
141
106
150
63
179
161
186
62
133
109
156
60
179
161
186
63
131
107
151
56
178
161
186
62
129
107
150
56
179
160
186
62
128
106
152
57
179
161
186
62
128
106
154
59
177
161
186
62
126
107
146
59
177
161
186
62
125
103
140
51
176
160
186
62
124
106
132
46
176
160
186
62
119
113
130
37
176
160
186
62
120
113
131
45
176
160
186
62
119
113
130
46
176
160
186
62
118
115
130
46
176
160
186
62
118
110
130
46
176
160
186
62
118
114
130
40
176
160
185
62
118
120
133
46
176
160
186
62
119
112
142
57
177
160
186
62
118
108
149
64
177
160
186
63
119
106
153
61
177
160
186
62
119
107
149
55
177
160
186
63
119
108
152
60
177
160
186
63
119
109
150
55
177
160
186
62
118
108
153
60
176
160
186
62
118
106
150
64
176
160
186
62
118
104
145
54
176
160
185
63
118
102
133
53
175
160
186
63
119
111
125
33
176
160
186
62
119
111
128
43
176
160
185
62
119
113
129
45
176
160
186
63
119
112
127
45
176
160
185
63
119
111
127
46
175
159
186
63
119
111
126
36
176
160
186
62
119
119
129
43
176
160
185
63
118
112
138
57
177
160
186
62
119
110
146
61
177
160
186
63
119
110
148
56
177
160
186
63
119
111
145
51
177
160
185
63
118
111
146
54
177
160
185
63
119
112
145
50
177
160
186
63
119
109
145
55
177
160
185
63
118
108
148
57
176
160
185
63
119
103
148
65
175
160
185
63
118
108
142
51
176
160
185
62
119
108
135
46
176
160
185
63
120
111
134
47
176
160
185
63
120
115
128
43
175
160
185
63
120
117
131
42
176
160
185
63
120
117
128
47
175
160
185
63
120
117
128
45
176
159
185
63
120
114
127
40
175
160
185
63
124
120
128
42
176
159
185
63
124
115
132
48
176
160
185
63
120
115
138
47
176
160
185
62
120
106
145
59
176
160
185
63
120
108
148
58
176
160
185
63
120
108
148
56
176
160
185
63
120
108
147
54
176
160
185
63
119
110
145
52
176
160
185
63
120
108
147
56
176
159
185
62
119
112
147
56
176
159
184
63
120
110
144
60
175
160
185
63
119
110
132
39
175
159
185
63
119
111
129
40
175
160
185
63
120
113
129
44
175
160
185
62
120
118
130
43
174
160
185
62
121
115
131
45
175
160
184
63
120
117
131
46
175
159
185
63
120
116
130
41
174
159
185
63
120
123
135
43
174
159
184
63
120
115
141
54
175
159
185
63
120
108
148
59
177
160
185
63
119
110
153
62
178
160
186
63
119
111
155
58
177
159
185
63
119
110
151
58
177
159
185
63
119
111
150
56
176
159
185
63
119
113
152
56
176
159
185
63
119
109
150
57
177
159
185
63
119
103
153
65
176
159
185
63
119
108
150
59
176
159
185
63
118
109
140
52
175
159
185
63
118
107
139
51
175
159
184
62
118
110
134
43
175
159
184
62
118
113
133
44
175
159
184
63
118
114
133
48
175
159
184
63
119
112
133
41
176
159
185
63
119
110
130
42
176
159
184
63
119
121
141
49
177
159
185
63
119
106
148
65
176
159
185
63
118
107
152
62
177
159
185
63
118
108
154
60
177
159
185
63
118
109
152
56
176
159
185
63
118
112
151
55
176
158
184
63
118
107
151
58
176
159
184
62
118
109
154
59
176
158
184
63
118
105
151
65
175
158
184
63
118
109
144
55
175
159
184
63
118
111
137
46
175
158
184
63
118
109
135
44
175
159
184
62
119
112
135
46
175
159
184
63
119
115
137
47
175
158
184
62
119
106
134
47
175
158
184
63
118
119
133
41
175
158
184
63
119
118
138
53
176
158
184
63
118
112
146
57
175
159
184
63
119
114
151
60
176
158
184
63
119
109
153
63
176
158
184
63
119
111
151
58
176
158
184
63
119
113
149
56
175
159
184
63
119
113
150
58
176
158
184
63
118
112
152
55
175
158
184
63
118
111
155
62
175
158
184
63
119
113
152
59
175
158
184
63
118
108
147
57
174
159
184
63
118
106
139
54
174
158
183
63
118
107
134
46
174
158
184
63
117
112
133
40
174
158
184
63
118
112
132
49
174
158
184
63
117
112
133
46
174
159
184
63
117
111
132
46
174
158
184
62
118
111
132
44
174
158
184
62
118
111
132
42
174
158
184
63
118
116
139
48
174
158
184
63
117
112
146
57
175
158
184
63
117
106
150
64
175
159
184
63
117
109
154
58
175
159
184
63
117
110
153
57
175
158
184
63
117
109
151
58
175
159
184
63
117
107
151
57
175
158
184
63
116
108
153
59
175
158
184
63
117
103
153
63
174
158
183
63
117
113
145
55
174
158
183
63
117
111
139
48
174
158
182
63
118
108
135
38
173
157
183
63
118
108
130
42
173
157
183
63
118
112
134
46
173
158
185
63
118
109
132
42
174
160
187
63
119
114
135
46
174
160
187
62
119
112
141
53
174
159
186
63
118
115
146
55
174
158
186
63
118
109
151
64
173
158
186
63
118
110
153
57
174
158
186
63
117
109
151
57
174
158
186
63
117
106
150
58
173
158
185
62
118
109
151
57
174
158
185
62
117
106
153
62
173
158
184
62
118
107
150
60
173
158
184
62
117
104
140
53
173
158
184
63
117
109
137
47
173
158
184
63
117
108
129
40
173
157
184
63
118
110
131
43
173
158
184
63
117
114
132
47
173
158
184
63
117
111
131
46
173
157
184
63
117
108
130
40
174
157
184
63
118
122
131
45
173
157
184
63
118
120
140
57
174
157
184
63
117
114
147
58
174
157
184
63
118
115
150
54
174
157
184
63
117
109
148
57
174
157
184
63
117
111
148
54
174
157
184
63
117
109
148
54
174
157
184
63
117
109
147
58
174
157
184
63
117
111
151
54
174
157
184
62
117
109
149
65
173
157
184
63
117
106
141
51
173
157
183
63
117
108
136
49
173
157
183
63
117
110
132
42
173
157
182
63
117
111
132
43
173
157
182
63
117
114
132
46
173
157
182
62
117
113
130
43
173
157
182
63
117
113
129
42
173
157
182
63
117
119
134
46
173
157
182
63
117
115
142
54
174
156
183
63
117
117
148
60
174
157
182
63
117
114
149
58
174
157
182
63
116
116
147
50
173
157
182
62
117
114
144
53
173
156
182
63
117
114
144
53
174
156
182
63
117
114
146
50
173
156
182
63
117
113
151
54
173
156
182
63
117
110
151
65
173
156
182
63
116
111
138
57
173
156
182
62
117
107
129
35
173
156
182
63
117
111
130
45
173
156
182
63
117
111
131
45
172
156
182
63
117
111
132
46
173
157
182
63
117
109
131
40
173
156
182
62
117
113
132
47
173
156
182
63
119
115
139
51
174
157
182
63
119
111
147
60
174
156
182
63
119
109
155
65
174
157
182
63
119
108
154
58
174
157
182
63
119
107
153
57
174
157
182
63
118
109
152
58
174
157
182
63
118
107
152
58
174
157
182
63
118
106
156
58
174
156
182
63
118
109
150
60
174
156
182
63
118
108
147
56
173
156
182
63
117
106
138
44
173
156
182
63
118
107
133
44
173
156
181
63
117
110
132
39
173
156
181
63
117
109
132
43
173
156
181
63
117
109
131
45
173
156
182
63
117
109
130
42
173
156
182
63
117
112
129
38
174
156
182
63
117
108
141
52
174
156
182
63
117
107
144
60
175
156
181
63
117
100
154
68
174
156
182
63
117
109
150
50
175
156
182
63
116
106
147
56
175
156
182
63
117
109
147
50
174
156
182
63
117
108
145
54
174
156
182
63
117
108
142
53
174
156
182
63
117
109
144
50
174
156
182
63
117
109
144
53
174
157
181
64
116
106
140
53
167
134
148
119
116
104
120
49
166
122
139
133
114
126
88
34
165
121
139
121
114
120
95
43
165
121
140
116
114
133
97
43
165
122
141
112
115
135
103
46
165
123
141
110
115
131
103
46
165
122
141
109
114
130
101
49
165
122
142
108
115
131
101
44
165
122
142
107
114
133
95
45
165
122
145
106
114
133
100
50
165
122
144
104
116
132
98
48
164
121
145
104
116
138
101
46
164
120
145
101
117
135
102
47
164
121
147
99
118
136
101
51
164
121
147
99
118
133
99
45
164
121
146
99
117
135
99
44
164
121
146
98
118
132
97
45
164
122
146
98
119
131
99
46
164
122
146
97
119
131
99
46
164
122
146
97
119
133
99
46
164
122
146
97
119
134
102
49
164
122
146
97
119
131
98
45
164
122
147
96
119
135
102
47
164
122
147
96
118
133
100
45
164
122
147
96
119
134
102
48
164
122
147
96
119
134
101
47
164
122
147
95
119
134
98
45
164
123
147
95
119
134
99
46
164
122
147
95
119
135
101
44
164
122
147
95
119
135
100
47
164
122
147
95
119
131
99
47
164
122
147
94
119
133
102
47
164
122
147
94
119
134
100
46
164
122
147
94
119
132
99
47
164
122
147
94
119
137
103
48
164
122
147
93
119
132
99
47
164
122
147
93
119
133
101
46
164
122
147
93
119
134
101
47
164
122
147
93
119
135
103
47
164
122
147
93
119
135
103
47
164
122
147
93
119
135
101
45
164
123
147
93
119
136
104
51
164
123
147
93
119
136
108
48
164
124
147
93
119
139
107
47
164
124
147
92
119
137
106
49
164
124
147
92
119
138
107
48
164
124
147
92
119
137
107
48
999