WHAT
145
123
131
111
112
122
120
181
145
116
122
105
131
123
143
209
143
112
120
104
125
104
117
172
155
122
108
100
124
123
119
174
145
115
122
111
131
153
133
180
140
113
122
104
125
107
104
191
148
105
127
100
124
111
114
171
146
123
131
109
112
118
128
177
145
115
122
104
131
115
138
213
143
112
119
104
125
108
111
170
155
121
108
100
124
117
113
172
145
116
122
111
131
147
131
180
140
114
122
104
125
106
105
190
148
108
127
100
124
108
111
171
147
123
131
108
116
113
129
177
146
119
121
104
131
110
138
216
143
132
119
102
125
103
110
171
155
139
116
100
128
113
112
172
142
128
121
111
131
143
134
213
142
127
121
104
125
105
102
190
152
118
127
100
124
105
105
172
146
131
131
107
116
113
124
177
146
128
122
103
131
110
130
212
147
124
120
102
125
104
104
170
155
131
108
100
124
115
108
173
146
126
122
111
131
148
124
184
142
124
121
103
125
105
102
193
148
118
129
100
124
106
104
171
147
131
131
106
116
112
121
175
145
125
122
103
131
114
131
212
147
120
120
102
125
105
104
171
155
131
108
100
124
113
105
171
145
126
122
111
131
147
121
182
141
124
121
102
125
106
102
194
148
116
129
100
124
106
102
170
146
131
131
106
116
114
122
177
145
125
122
102
131
112
131
213
147
120
120
101
125
106
102
170
155
131
108
101
120
113
104
172
145
126
123
111
131
147
119
183
142
124
122
102
125
106
103
198
140
118
127
100
124
106
102
170
146
131
131
100
116
110
115
175
145
124
122
102
131
116
131
203
147
118
120
102
125
106
102
169
159
131
108
101
120
113
104
171
145
125
123
111
131
149
119
183
142
124
122
102
125
105
102
198
144
116
129
100
124
106
102
170
146
131
131
100
116
111
116
175
145
124
122
102
131
112
131
209
147
117
120
101
125
106
101
168
155
131
108
101
120
113
104
172
145
125
123
111
131
149
116
187
142
124
122
102
125
106
104
198
132
129
123
100
116
117
112
176
145
131
131
100
117
110
113
174
145
124
122
102
131
119
134
201
151
118
120
101
124
105
101
168
155
131
108
99
120
113
103
172
144
126
121
111
131
143
125
177
140
122
122
101
125
104
96
186
155
108
116
101
121
108
101
171
143
124
131
111
116
134
140
219
144
124
122
101
125
102
118
211
136
130
118
100
124
106
101
170
155
131
124
92
129
122
105
172
143
125
121
103
131
129
141
189
147
124
112
104
120
109
100
168
155
124
116
107
120
110
101
171
145
124
131
111
128
133
106
190
143
124
122
101
125
102
108
204
132
123
116
100
124
106
101
171
147
131
129
84
121
119
109
171
145
124
121
102
131
120
133
200
151
118
120
100
125
106
101
167
155
128
112
105
117
110
102
171
145
124
129
111
130
145
110
189
142
123
122
101
125
104
104
201
132
119
121
100
124
108
99
169
145
131
131
107
116
114
117
176
144
123
122
102
129
112
125
212
143
120
119
100
125
107
101
170
155
131
108
96
124
116
103
172
144
124
121
111
131
136
128
178
137
121
121
101
125
105
96
182
153
116
116
104
121
109
99
170
144
124
127
113
130
146
108
187
142
122
122
101
125
104
103
201
132
117
124
100
124
106
99
170
145
131
131
106
116
114
117
175
145
122
122
101
129
110
124
211
141
124
119
100
124
106
99
170
155
131
124
94
131
120
103
171
143
124
121
103
131
134
147
191
148
120
121
100
125
104
100
172
153
120
127
103
126
140
106
185
145
123
131
110
129
151
119
194
143
122
121
100
125
102
106
206
132
123
116
100
124
106
99
170
145
131
131
100
116
108
110
174
144
122
123
94
131
114
129
202
141
124
120
94
124
104
97
169
147
131
129
84
119
117
105
172
145
123
123
95
131
118
129
201
150
125
120
88
124
115
101
172
153
131
127
84
127
122
103
172
143
125
123
95
131
122
133
193
145
120
120
95
124
105
98
168
155
131
127
84
126
123
103
172
143
124
123
95
131
122
133
194
147
116
121
94
124
104
98
168
155
131
127
85
127
122
102
171
143
124
123
95
131
124
133
193
147
118
121
94
124
104
97
168
155
131
127
84
127
124
103
174
143
125
123
95
131
126
141
197
143
120
120
95
124
108
99
172
155
131
130
84
123
123
105
171
148
120
121
95
131
126
141
204
143
120
120
94
124
104
98
168
155
131
129
84
123
121
103
172
143
125
123
95
131
122
131
197
145
120
121
94
124
106
96
168
155
131
128
84
123
124
102
172
143
124
124
94
131
123
131
195
145
120
122
92
124
108
97
170
155
131
131
76
123
125
103
171
143
123
125
95
131
126
137
200
145
118
121
96
124
106
96
168
147
131
129
84
123
124
101
173
144
122
124
97
131
124
137
200
143
120
120
97
124
106
95
172
147
131
130
84
119
121
102
170
144
122
123
97
137
120
128
201
141
120
120
96
126
108
95
170
147
131
129
84
123
120
103
172
144
122
123
97
131
116
125
201
140
124
120
96
128
108
95
168
147
131
129
84
121
117
103
172
147
116
121
97
131
118
126
202
138
124
120
96
125
106
95
169
143
131
131
86
130
144
133
197
144
122
123
96
131
114
127
204
141
120
120
96
125
107
96
171
144
131
130
85
130
144
137
195
143
122
123
97
131
108
124
204
138
126
117
94
125
107
98
169
145
131
131
84
120
117
105
173
144
122
123
99
131
116
127
201
138
124
120
98
125
106
97
170
145
131
131
92
120
113
104
173
143
122
123
99
131
114
124
211
138
123
118
97
125
106
96
171
145
131
131
92
118
110
109
175
146
116
121
97
131
114
122
210
138
124
120
96
125
106
94
170
145
131
131
88
120
119
101
171
143
122
123
98
131
114
119
211
138
126
120
96
125
108
93
169
145
131
131
92
118
111
103
172
143
116
120
97
131
114
118
211
136
129
118
96
125
106
92
170
145
131
131
92
118
114
103
173
155
127
108
86
127
118
118
213
136
129
120
94
126
107
92
171
145
131
131
92
118
115
103
172
143
122
125
96
131
115
118
211
137
124
122
94
126
107
94
167
145
131
131
86
120
119
101
172
143
122
125
96
131
118
118
211
138
126
121
94
125
107
92
168
145
131
131
88
120
119
100
173
143
122
125
96
131
118
122
216
136
129
120
95
125
109
93
170
145
131
131
92
117
113
104
171
143
122
124
96
131
118
120
213
136
129
120
98
125
108
93
169
145
131
131
100
116
114
106
173
143
121
124
98
131
118
127
202
140
124
120
98
125
108
93
167
147
131
129
84
121
122
101
171
147
116
121
98
131
122
127
198
144
121
123
103
131
173
125
183
155
129
116
92
130
117
98
171
143
122
124
99
131
129
132
190
147
116
121
97
125
107
94
166
155
131
129
88
127
125
99
171
142
122
124
97
131
115
122
202
138
124
120
96
125
106
94
169
145
131
131
92
117
111
109
176
143
121
124
96
131
112
118
210
137
126
120
95
125
108
92
170
145
129
131
92
118
111
101
171
143
121
124
96
131
112
118
213
136
123
120
93
125
107
92
170
145
131
131
88
118
113
101
171
144
121
124
95
131
114
118
211
138
126
120
94
125
109
93
170
145
131
131
86
118
117
101
173
144
121
124
95
131
114
116
210
137
127
120
94
126
107
91
170
145
131
131
92
122
113
101
172
143
121
123
96
131
114
116
211
137
127
118
94
129
106
89
168
145
131
131
92
122
118
99
171
136
124
120
95
128
110
108
213
132
123
119
93
128
108
89
168
145
129
131
99
116
118
105
173
143
121
123
95
129
110
106
211
132
122
118
93
128
110
89
168
145
127
131
99
116
133
108
190
143
121
124
95
129
108
104
209
132
123
118
93
128
110
88
168
145
127
131
99
116
119
104
174
142
121
123
95
129
106
104
215
132
119
120
93
128
111
89
168
145
123
131
99
116
122
101
175
133
127
118
94
128
106
104
209
140
120
125
99
131
157
152
201
145
131
131
96
120
115
104
172
143
121
123
95
129
114
111
212
147
124
124
84
131
132
97
169
146
131
131
96
118
118
104
171
143
121
123
96
129
112
114
213
134
123
116
94
128
110
92
167
145
129
131
98
118
119
107
170
143
120
124
95
128
112
108
213
134
123
116
94
128
108
90
168
145
129
131
99
116
119
107
174
143
121
124
95
128
110
104
207
132
122
118
93
128
112
89
169
145
127
131
99
116
121
104
175
143
121
124
95
128
110
106
209
132
119
120
93
128
112
89
169
145
127
131
99
116
122
101
173
142
121
124
95
128
108
102
204
132
117
124
92
127
111
87
169
145
127
131
99
116
122
103
172
143
120
124
95
128
110
102
208
133
125
125
92
120
128
100
170
144
131
131
98
118
120
107
170
143
120
124
96
128
114
110
225
132
123
116
94
127
111
86
167
146
131
131
96
116
118
103
173
143
120
124
95
129
118
114
221
132
123
116
93
127
112
90
166
145
130
131
96
116
120
104
171
143
120
124
96
129
114
112
223
132
125
118
94
127
111
89
168
145
131
131
94
118
118
99
170
133
127
118
94
126
107
103
208
132
117
124
92
126
112
87
167
145
123
131
99
124
133
107
190
143
120
124
95
127
106
102
207
132
117
122
92
127
114
89
167
145
123
131
99
116
126
101
176
132
126
124
93
127
108
102
209
132
116
132
92
126
113
88
168
145
123
139
99
116
125
100
175
143
122
129
94
128
106
102
205
132
117
132
91
127
111
88
167
145
123
143
99
116
123
101
178
143
122
132
93
128
107
98
206
144
116
139
89
126
109
87
168
146
123
139
99
131
150
108
193
142
121
130
93
128
114
90
194
151
108
131
90
124
111
89
170
144
121
135
99
131
149
98
185
137
120
130
93
127
111
86
178
155
127
121
95
120
114
90
168
144
122
132
99
139
142
117
175
144
122
135
99
116
141
103
174
159
127
118
95
120
117
89
166
144
122
132
99
139
139
121
178
148
118
129
92
127
106
87
170
155
129
124
88
128
121
87
167
143
122
132
93
131
134
125
190
151
116
129
92
127
110
89
166
154
131
132
84
131
131
91
165
144
122
132
93
137
120
117
196
140
120
128
92
127
109
86
166
999