NAME
222
202
115
138
144
193
78
129
220
200
107
130
143
162
74
134
224
196
113
124
140
164
72
110
222
201
115
131
132
176
81
119
220
200
106
127
141
158
78
139
212
196
108
124
140
163
71
111
223
211
115
130
132
168
89
116
221
199
106
127
141
166
87
145
212
203
100
125
140
160
72
113
220
211
111
124
147
201
105
141
221
200
105
126
151
179
101
133
226
203
92
130
136
166
73
110
239
209
106
118
147
173
73
113
220
200
106
127
147
188
109
125
220
197
104
125
141
162
72
116
233
203
93
126
140
182
92
163
220
199
106
131
147
196
99
116
224
196
105
126
140
161
72
112
239
206
100
137
132
167
73
110
221
201
106
139
143
200
89
115
214
196
105
126
136
162
70
118
235
200
100
131
136
165
73
109
226
201
107
131
147
202
84
123
216
196
104
121
146
163
70
124
225
180
103
118
138
166
76
110
217
192
115
131
140
193
80
128
212
195
104
122
139
164
74
130
220
184
107
116
137
164
73
108
218
194
113
129
132
179
81
117
212
195
104
123
138
160
80
136
204
189
108
120
137
165
73
108
221
207
115
127
148
172
88
114
210
194
110
124
140
158
88
137
200
203
108
121
137
160
72
103
229
219
110
122
142
166
85
112
226
206
102
128
151
170
94
147
218
215
98
125
146
161
72
106
224
219
107
124
149
199
106
141
222
205
101
124
153
175
101
133
227
196
100
124
140
161
74
104
235
211
92
120
140
171
76
109
220
203
102
127
147
187
109
122
220
199
100
124
138
160
74
108
235
207
92
127
132
167
75
107
217
202
102
131
145
193
101
114
209
200
100
124
135
160
70
116
227
200
94
131
132
165
74
107
217
200
101
131
139
203
91
113
206
199
100
123
134
161
70
112
227
200
94
131
132
164
76
110
217
199
101
131
141
201
92
110
206
199
100
123
137
161
70
114
227
196
94
130
132
164
74
108
216
199
101
131
143
202
89
111
205
199
100
124
135
161
70
115
227
196
94
131
132
164
74
107
216
199
102
131
139
203
92
111
206
198
100
124
132
162
70
112
227
196
95
130
128
164
75
107
216
199
102
131
137
202
90
111
216
196
99
117
128
164
72
114
227
206
92
127
122
167
74
106
216
198
102
131
139
198
97
110
217
196
94
124
126
163
74
110
227
207
92
121
132
172
74
108
215
198
102
127
139
188
113
122
213
196
100
122
131
161
73
111
227
204
92
129
124
166
74
108
215
198
101
131
139
196
101
114
205
197
101
123
130
163
70
118
225
196
94
130
126
163
73
108
214
198
102
131
135
202
91
117
205
197
101
124
130
162
70
116
223
196
96
128
126
163
77
109
214
197
102
131
136
203
91
117
204
197
101
124
130
163
71
114
223
196
96
130
126
166
75
106
214
197
102
131
135
202
93
115
204
196
101
123
130
163
72
115
223
196
96
130
126
165
77
108
214
197
102
131
135
201
93
113
204
196
101
123
130
162
72
114
225
196
96
129
126
165
76
109
214
196
103
131
135
201
95
111
205
196
101
122
132
162
70
114
225
196
96
131
126
167
75
108
214
196
103
131
137
201
93
112
204
196
101
122
130
161
74
118
225
202
95
122
130
186
102
165
213
196
107
131
135
197
85
115
206
197
102
122
132
164
70
124
223
180
99
120
129
164
75
112
214
196
107
131
137
205
84
122
206
196
102
122
132
159
70
122
222
180
99
120
128
162
75
110
213
196
107
131
136
205
84
122
206
196
102
122
131
162
70
123
223
180
97
120
128
161
75
108
210
196
103
131
135
206
95
139
206
196
102
122
130
162
70
120
222
180
99
120
128
164
74
106
213
196
107
131
135
205
86
117
206
196
101
122
130
162
70
116
223
184
97
124
128
164
74
106
208
196
105
131
135
206
94
138
208
196
101
122
130
162
70
120
223
180
97
120
127
165
76
106
213
196
103
131
135
205
86
117
206
196
102
122
130
162
70
118
221
180
99
120
128
164
75
105
213
196
103
131
135
203
86
117
206
196
102
122
130
162
70
119
223
180
97
120
127
164
76
106
213
196
103
131
135
205
87
116
206
196
101
122
130
162
70
118
219
183
107
125
131
209
86
125
210
197
107
131
134
193
80
125
206
196
101
122
130
161
74
126
219
182
103
116
128
164
75
107
210
197
111
129
132
182
79
117
209
197
102
122
130
160
80
132
216
194
101
122
135
210
133
140
213
207
107
120
124
166
87
112
210
197
102
122
131
172
95
148
201
203
98
120
129
161
73
106
217
211
107
122
122
168
85
111
210
197
102
122
131
171
96
147
200
203
98
120
130
162
74
106
213
207
107
120
124
168
85
110
210
196
102
122
131
172
95
147
204
203
98
121
130
162
74
108
217
207
107
116
124
171
82
110
210
197
102
122
131
172
95
145
204
202
100
120
129
161
73
107
219
207
107
108
129
179
80
109
210
197
102
122
139
180
101
132
219
191
100
120
130
161
74
103
223
203
100
116
132
171
76
109
212
194
103
129
139
192
101
114
214
180
99
116
128
164
72
116
227
203
92
123
124
168
73
108
212
194
103
131
139
194
101
112
204
193
101
120
130
159
70
114
223
196
96
129
124
164
73
106
212
194
103
131
135
202
89
111
200
194
101
121
129
160
70
114
223
196
96
126
125
165
74
107
208
192
102
131
135
203
91
138
202
193
101
122
129
161
70
114
219
196
96
124
126
163
73
106
212
195
103
131
135
203
85
117
204
194
102
122
129
161
70
116
219
180
99
120
126
163
74
107
210
195
103
131
134
205
84
117
204
194
102
121
129
161
70
118
219
180
99
120
126
164
74
107
208
194
103
131
134
204
94
141
206
193
101
121
129
161
70
121
219
180
99
120
126
164
73
107
212
195
105
131
134
205
83
121
204
194
102
121
129
158
70
124
219
180
99
119
126
163
70
105
212
195
107
131
133
201
80
117
204
195
102
121
129
162
66
120
219
180
97
120
126
164
72
107
208
195
107
131
134
202
94
141
206
193
102
121
129
160
66
119
219
180
99
120
126
165
72
105
210
195
105
131
134
204
84
117
211
184
107
116
127
163
70
119
217
180
101
118
126
162
74
105
208
195
111
129
130
186
100
142
209
194
102
120
129
156
82
133
200
188
102
118
128
162
74
106
214
195
111
126
116
171
91
111
208
195
102
121
129
162
90
137
204
195
102
127
131
221
133
137
215
203
107
108
124
163
90
110
209
195
102
121
137
178
101
131
215
185
100
120
129
161
76
102
223
203
100
116
131
181
81
104
202
190
102
123
139
192
106
128
206
192
101
120
129
162
74
110
223
196
94
127
124
165
75
104
211
193
103
131
135
201
93
104
204
192
102
121
128
161
70
110
219
196
96
127
124
165
75
103
210
195
103
131
135
200
102
122
205
194
102
120
129
162
70
118
219
180
103
116
126
164
75
101
209
195
111
129
128
188
76
113
208
194
102
121
129
162
78
126
212
184
107
117
127
163
75
101
209
195
111
127
116
179
85
109
209
194
102
121
129
160
83
126
204
188
104
118
128
161
75
98
215
195
111
127
116
180
85
109
207
195
102
121
129
158
82
124
200
188
104
118
128
164
75
98
215
195
111
127
116
181
85
107
208
195
103
121
129
160
82
118
200
188
104
118
128
164
77
92
215
195
111
127
116
179
89
105
208
194
102
121
129
160
86
123
200
188
104
118
128
163
76
96
210
194
115
129
118
180
85
103
207
194
103
121
129
158
86
123
200
188
104
118
128
163
77
96
215
195
111
127
116
179
85
105
196
195
96
119
128
161
86
124
216
184
107
116
128
162
75
96
210
195
113
129
128
189
78
111
206
194
103
121
129
162
78
118
213
184
107
116
127
164
76
98
210
194
113
129
128
189
78
113
205
194
103
121
129
162
78
120
212
184
107
116
127
163
76
100
210
193
115
129
120
177
85
112
207
194
103
121
129
159
82
128
204
195
105
122
118
177
88
107
213
195
111
127
116
174
89
107
208
194
103
121
129
163
90
133
196
195
97
120
128
162
77
105
209
195
111
125
127
197
104
144
210
193
103
121
131
171
98
141
200
203
100
120
128
161
74
103
215
203
107
108
127
179
83
104
208
195
103
122
139
178
101
128
219
188
101
120
128
162
76
102
219
203
100
116
128
172
78
105
209
194
103
130
138
195
105
110
204
191
102
120
128
161
72
111
219
192
107
125
129
196
80
117
208
194
107
131
131
205
86
117
204
191
102
121
128
163
70
115
219
180
101
120
125
164
75
104
208
194
111
131
130
190
78
120
207
193
102
121
128
160
78
124
216
182
107
116
126
163
74
104
209
195
111
127
124
181
79
114
208
193
102
121
128
159
80
129
204
195
106
120
120
175
85
108
213
195
111
126
118
170
92
109
196
198
100
120
128
162
90
139
196
195
98
119
128
163
75
103
210
195
111
125
116
174
88
109
207
194
103
122
128
162
86
137
207
195
104
108
127
181
79
105
213
999