A
229
202
209
61
94
103
177
118
229
201
209
61
101
103
178
118
229
201
208
61
95
103
177
118
229
201
209
61
93
103
178
117
229
201
209
61
88
104
177
120
229
201
209
60
88
104
177
117
229
201
209
61
88
104
178
116
229
201
208
60
88
106
177
111
229
201
208
61
88
106
176
111
229
202
208
61
89
105
178
113
229
201
207
61
89
103
176
114
229
202
207
61
90
104
176
113
228
201
208
61
90
105
178
112
228
202
207
61
90
104
177
114
228
201
207
61
90
106
177
112
228
201
208
61
90
105
178
113
229
201
207
61
91
105
178
114
228
201
207
61
92
102
176
115
228
201
207
61
92
101
173
119
228
201
207
61
92
108
180
114
229
201
208
60
92
107
178
113
228
201
207
60
92
106
177
112
228
201
207
61
93
107
177
112
228
201
207
61
93
104
175
112
228
200
207
61
93
106
181
110
228
201
207
61
94
108
177
110
228
200
207
60
94
108
177
110
228
200
207
61
94
108
177
114
228
201
207
61
95
107
176
112
228
200
207
61
95
104
176
113
228
200
207
61
96
106
178
111
228
200
207
60
96
107
176
113
228
200
207
60
97
107
178
112
227
201
207
61
97
108
177
111
228
200
207
60
97
108
177
103
228
200
207
60
99
104
177
111
227
200
206
61
99
104
177
111
228
200
207
61
100
105
177
111
228
201
207
61
100
108
179
113
228
201
207
61
100
107
179
111
228
200
207
60
100
107
176
117
227
200
207
61
100
105
178
117
228
201
206
61
100
104
176
117
228
200
206
61
99
105
177
115
228
200
207
60
99
107
177
115
227
200
207
60
99
105
177
117
227
200
207
60
99
105
177
116
227
200
207
60
99
105
178
117
227
200
206
61
99
106
177
116
227
200
207
60
99
106
176
117
227
200
207
61
99
106
177
118
227
200
206
60
99
106
176
117
227
200
207
61
99
106
178
117
227
200
207
61
99
105
177
116
227
200
206
60
99
105
177
118
227
200
207
60
99
105
177
116
227
200
207
61
99
106
177
117
227
200
206
60
100
105
177
121
227
200
206
61
100
106
177
117
227
200
206
61
100
105
177
118
227
200
206
60
99
104
176
119
227
200
206
61
99
107
177
119
227
200
207
60
94
106
177
117
226
199
207
61
92
106
177
117
227
200
207
61
91
105
177
115
226
200
207
60
91
109
176
117
227
200
207
60
91
117
179
120
227
199
207
60
92
105
174
112
227
200
207
61
77
99
176
117
227
200
206
60
71
107
178
113
226
200
207
53
69
107
178
111
227
200
207
53
68
103
177
115
227
200
209
62
65
104
177
113
226
200
208
60
65
107
177
114
226
199
207
56
67
108
177
114
226
200
207
57
70
104
176
113
227
200
207
56
72
107
177
112
227
199
207
56
77
107
177
111
227
199
206
56
75
108
177
112
227
199
206
59
78
106
177
113
227
199
206
63
72
114
178
106
227
199
207
62
69
116
178
109
227
199
207
62
67
112
177
111
227
199
206
61
70
108
177
112
226
199
206
62
72
110
178
113
226
199
206
63
73
108
177
109
226
199
207
61
76
108
177
114
226
199
207
61
78
107
177
112
226
199
207
61
78
106
177
114
226
199
206
60
77
108
178
111
226
199
207
61
77
105
178
112
226
199
206
60
77
105
176
111
226
199
206
60
77
107
178
109
226
199
207
61
77
104
175
112
226
199
206
60
77
108
178
113
226
199
206
60
77
108
177
110
226
199
207
60
78
111
179
113
226
199
206
60
78
106
176
114
226
199
206
60
78
103
175
112
226
199
206
60
78
106
177
113
226
199
206
59
78
106
176
113
226
199
206
60
78
101
176
113
226
199
206
60
78
111
180
114
226
199
206
60
79
105
176
112
226
198
206
60
78
105
178
112
226
198
207
60
79
105
177
114
226
198
206
58
79
106
177
110
226
199
206
58
79
107
178
110
226
199
206
58
81
106
177
110
226
199
206
58
83
106
177
110
226
199
206
58
82
107
177
109
226
199
206
59
83
108
177
110
226
199
206
58
83
106
177
110
226
198
206
58
83
105
177
109
226
199
206
58
84
106
177
110
226
199
206
57
85
107
177
109
226
199
206
56
88
106
177
110
226
199
206
56
91
106
177
109
226
198
206
59
97
104
177
110
226
198
206
62
106
105
176
110
225
199
206
60
106
103
177
109
226
199
205
56
108
102
177
111
226
198
206
56
108
104
178
109
226
199
206
55
108
104
177
109
225
199
206
62
93
108
177
105
226
198
206
62
107
102
176
109
225
200
205
61
106
103
178
106
221
202
215
60
106
100
177
108
222
205
216
60
120
107
179
106
222
204
217
60
120
105
177
112
223
202
215
60
121
108
178
105
220
202
215
59
118
104
177
109
225
203
209
61
116
102
177
105
225
202
209
60
109
108
177
105
225
202
208
60
101
104
177
104
224
200
208
61
84
107
177
105
225
203
208
60
77
107
178
106
224
206
208
61
73
107
177
106
224
206
208
61
73
105
177
105
224
205
207
61
76
103
178
107
224
200
208
61
75
111
178
107
224
200
207
61
92
103
178
104
224
200
207
61
92
105
176
106
224
199
207
61
102
103
177
107
224
200
207
62
94
103
177
108
224
200
207
61
81
103
176
103
224
200
211
61
69
104
177
104
224
200
210
62
68
105
176
105
224
200
210
63
68
104
177
106
224
200
209
63
68
105
177
103
224
200
209
63
68
104
176
106
224
199
209
63
68
105
177
106
224
200
208
63
67
107
177
105
224
200
209
63
68
104
177
106
224
200
209
63
68
104
177
107
224
200
209
64
68
105
177
106
224
199
209
64
68
104
177
107
224
199
209
64
68
104
177
107
223
200
208
65
68
106
177
106
224
199
209
64
68
105
177
107
224
200
209
64
69
105
176
107
224
199
208
64
73
105
176
106
223
199
207
62
92
104
178
107
224
199
208
61
96
104
176
109
224
199
207
62
111
103
177
107
223
199
206
63
100
101
177
108
224
199
206
63
99
104
177
106
224
199
207
62
96
103
178
106
223
198
207
61
120
105
178
108
223
199
206
61
113
104
177
106
224
199
206
61
113
104
178
107
224
199
206
61
120
103
176
108
223
199
206
61
105
98
177
108
223
199
207
61
100
102
177
107
224
199
206
62
104
104
176
107
224
199
206
61
113
102
178
105
224
199
206
62
118
102
177
106
223
199
206
62
111
102
177
107
224
198
206
62
107
105
176
107
223
198
206
62
88
102
177
106
223
199
207
61
79
103
176
106
223
199
207
62
79
103
176
105
224
198
207
61
85
106
177
105
224
198
207
61
88
105
177
105
223
198
207
61
99
104
177
107
223
198
206
62
101
103
177
102
223
199
206
62
91
106
177
104
223
198
206
61
92
106
177
104
224
198
206
62
91
102
176
105
223
198
206
62
91
104
177
105
223
198
206
62
92
104
177
104
224
198
206
62
92
103
176
107
223
198
206
62
102
107
176
106
223
198
206
62
101
103
178
101
223
199
205
61
103
99
177
101
223
198
206
61
104
104
175
100
223
198
206
61
106
102
178
99
223
198
206
61
106
103
176
103
223
198
206
61
106
104
178
103
223
198
206
61
107
102
179
110
223
198
206
61
107
97
175
109
198
168
191
63
107
96
165
99
163
115
131
145
97
131
102
29
155
99
123
153
84
100
84
35
153
100
125
138
85
103
104
45
153
101
125
137
86
102
105
41
153
102
125
134
86
100
106
41
153
102
126
134
86
98
107
41
153
102
126
132
86
99
107
41
154
102
127
131
86
98
107
42
154
103
128
130
85
98
107
41
154
103
128
129
86
98
107
41
154
103
128
129
85
98
107
42
154
103
128
127
86
97
107
41
155
103
128
127
86
98
107
41
155
104
128
126
86
97
107
41
155
104
128
126
86
98
107
42
155
104
129
125
86
98
107
41
155
104
128
125
85
98
107
41
155
104
129
125
86
97
107
41
155
105
129
124
85
98
107
41
155
105
129
124
86
97
108
41
155
105
129
124
86
98
107
41
156
105
129
123
86
97
108
41
155
105
129
123
85
97
107
41
156
105
129
123
86
97
107
41
156
105
129
122
85
98
107
41
156
105
129
123
86
97
107
41
155
105
129
122
85
96
108
42
156
105
130
122
85
96
107
41
156
106
129
122
85
96
107
41
156
106
129
122
85
98
108
41
156
106
130
122
85
97
108
41
156
106
130
122
85
96
107
42
156
106
130
121
85
97
108
41
156
106
130
121
85
97
108
40
156
106
130
121
85
97
107
41
156
106
130
121
85
97
107
41
156
106
130
121
85
96
108
42
156
106
130
121
85
97
108
41
157
106
130
120
85
96
108
42
156
106
130
120
85
96
108
41
156
106
131
120
85
96
108
42
157
106
131
120
85
97
107
41
157
106
131
120
85
97
107
41
157
107
131
120
85
96
108
42
157
106
130
120
85
99
107
40
157
106
130
120
86
96
108
42
157
105
130
120
85
97
107
41
999