HELLO
146
76
96
141
152
52
153
112
147
76
96
141
151
43
152
110
147
76
96
140
151
83
162
102
147
75
96
140
155
126
178
101
147
76
95
140
155
119
183
95
146
76
95
142
152
99
173
102
146
76
96
141
151
69
160
98
146
76
96
140
151
56
157
104
146
76
96
139
151
48
156
105
146
76
96
139
153
80
164
106
146
76
96
139
155
112
170
100
146
75
96
140
155
142
187
91
146
76
96
139
154
110
171
100
145
76
96
140
152
77
166
102
145
76
96
139
152
59
162
109
146
76
97
139
151
55
157
103
146
76
96
138
151
64
160
110
147
76
96
139
151
112
168
98
147
75
95
139
152
154
175
86
146
76
97
139
152
132
171
86
146
76
97
141
151
77
164
107
145
76
96
140
151
58
158
110
145
76
96
141
150
55
156
101
146
76
96
140
150
53
154
101
146
76
97
138
150
85
162
103
146
76
97
139
153
135
174
107
145
75
96
138
158
137
185
97
146
75
97
138
161
116
173
100
145
76
97
138
159
55
158
111
145
76
97
137
158
51
153
103
145
77
97
137
156
52
156
102
147
76
97
136
157
85
166
99
148
77
97
136
158
122
172
115
148
76
97
137
157
148
184
105
146
77
98
137
156
124
175
106
145
77
98
138
155
78
161
93
146
77
97
137
155
56
157
101
145
77
98
137
154
50
155
103
145
77
97
137
155
70
160
96
147
77
98
136
156
113
166
106
147
77
98
137
155
146
182
107
146
77
98
136
155
138
181
102
146
77
98
137
153
95
166
97
145
77
98
136
154
65
159
100
145
77
98
136
153
46
157
110
145
77
98
136
153
61
160
99
147
77
98
135
158
89
166
105
148
77
99
135
160
132
172
112
148
77
98
136
159
136
183
98
146
78
99
135
157
130
175
101
145
78
99
136
156
76
165
100
145
77
99
136
155
56
158
107
145
77
98
135
155
61
158
104
145
77
98
135
156
54
156
113
146
77
98
135
156
115
166
96
146
77
99
135
157
138
178
91
145
77
99
136
156
132
177
92
145
77
99
135
155
101
169
100
145
78
99
135
154
64
164
111
145
77
99
135
154
56
158
117
145
78
99
135
154
47
154
114
144
77
99
135
153
79
163
108
145
78
100
135
152
104
173
102
146
79
101
135
150
129
177
90
146
79
100
136
150
121
180
92
145
79
100
136
150
109
173
98
146
79
100
135
150
67
166
127
145
79
100
137
147
53
152
130
145
79
100
137
145
44
152
126
147
78
100
136
147
82
162
114
148
78
100
135
147
115
174
104
148
78
100
135
147
123
183
103
147
78
100
135
147
122
182
102
146
78
100
135
147
98
172
112
146
78
100
136
145
68
162
112
145
78
100
136
146
51
157
110
144
78
100
136
146
51
155
117
145
78
100
136
146
68
161
112
146
78
99
135
147
106
168
102
146
78
100
135
148
127
183
104
145
78
100
135
147
129
183
101
145
78
99
135
147
87
167
101
144
78
100
135
146
54
157
106
144
78
100
135
146
55
158
112
145
78
99
135
146
49
155
108
146
79
100
135
146
79
163
107
147
78
99
135
148
111
170
104
147
78
100
135
148
137
186
97
146
79
100
134
145
124
178
102
145
79
99
134
147
87
168
104
145
78
100
135
146
54
158
104
145
79
99
135
146
51
156
109
145
79
100
134
146
65
161
107
146
79
99
135
153
96
166
109
146
78
100
134
154
138
179
99
145
78
100
135
153
132
183
100
145
78
100
134
151
99
172
105
144
79
99
135
150
69
160
105
145
78
100
135
149
52
156
107
144
78
99
135
149
50
154
108
146
78
99
135
150
79
161
109
147
78
100
134
151
125
174
106
147
79
100
134
151
137
181
105
146
78
100
134
150
138
181
104
145
78
100
134
149
86
166
100
145
78
99
134
148
59
156
100
145
79
100
134
148
51
154
101
146
79
100
134
147
67
159
103
147
79
100
134
149
108
165
104
149
79
101
133
151
142
177
101
148
79
101
133
150
146
179
93
148
79
101
134
149
116
171
102
146
79
101
134
148
65
165
111
146
79
102
134
147
49
153
107
145
79
102
134
146
40
155
102
146
79
102
134
146
84
159
108
148
79
102
134
146
126
169
93
149
79
101
134
147
142
181
81
147
79
101
133
146
124
174
94
146
79
101
134
145
65
159
111
145
78
101
134
146
52
155
114
145
78
101
134
147
43
154
111
146
78
101
134
147
71
162
110
146
77
100
134
149
112
166
108
147
78
100
133
152
140
183
96
147
78
100
134
150
132
179
98
146
78
101
133
148
87
166
102
145
78
100
133
148
59
155
96
145
78
100
133
148
50
155
102
145
79
100
134
149
57
157
103
146
78
100
133
150
93
164
107
148
78
101
133
151
132
165
105
149
79
101
134
153
164
184
88
148
79
100
133
150
123
168
101
147
79
101
133
149
96
167
103
146
79
101
133
148
59
159
102
146
79
100
134
147
47
156
108
146
78
100
134
146
61
160
105
147
79
101
134
147
84
164
102
150
78
100
134
152
125
167
109
150
79
100
134
154
148
182
104
149
78
101
134
153
140
177
103
147
78
101
134
152
99
169
108
145
78
100
133
150
67
160
105
145
79
100
133
149
55
155
103
145
79
100
134
149
50
155
105
147
78
100
133
154
84
163
105
150
78
100
133
165
128
170
109
149
78
100
132
165
140
186
104
148
78
100
132
162
137
179
105
146
78
101
133
164
87
164
105
146
79
100
133
163
51
155
105
146
79
100
134
159
48
153
106
147
79
100
133
158
75
166
106
152
78
100
135
157
96
161
114
152
79
100
137
155
149
178
110
150
79
101
136
155
146
180
100
148
79
101
136
154
94
166
107
147
78
100
136
153
62
159
103
147
79
100
136
150
44
153
103
147
79
100
135
148
66
159
107
148
78
100
135
148
96
168
118
148
78
100
134
145
121
178
116
147
79
101
134
145
133
181
113
147
78
101
133
146
124
183
110
147
79
101
133
145
93
168
112
147
79
100
134
144
56
159
114
147
79
100
134
144
51
156
114
147
79
100
133
145
57
161
114
147
79
100
133
147
89
166
117
149
79
101
133
148
123
169
111
151
79
102
132
148
137
185
95
149
79
102
132
147
125
178
103
149
79
102
131
145
101
168
108
147
79
101
132
147
55
163
107
147
79
101
131
146
54
156
109
147
79
101
132
148
60
160
105
148
79
101
131
151
82
166
112
148
79
100
133
149
113
170
110
148
78
100
133
150
131
178
103
148
78
100
132
150
142
184
99
147
78
100
133
149
98
170
106
146
76
98
143
148
81
165
109
145
75
98
145
148
59
160
106
145
76
98
144
148
52
156
108
145
75
97
143
148
47
154
112
145
75
96
143
149
75
161
105
146
75
97
142
149
117
170
97
146
75
97
139
143
125
180
96
146
76
98
137
145
129
181
93
147
76
99
136
145
96
170
109
146
77
99
137
147
61
160
110
146
77
98
137
147
49
152
105
145
77
99
137
146
45
153
106
147
78
99
137
148
73
161
110
150
78
100
136
148
98
169
110
150
78
99
135
148
136
179
107
149
78
100
135
148
132
182
105
148
78
100
135
148
106
172
106
146
78
99
135
146
74
165
102
146
78
99
135
146
50
154
104
146
78
99
136
146
48
151
101
146
78
99
135
146
63
159
105
147
78
99
135
148
101
164
95
147
78
100
134
149
135
167
85
147
78
100
136
148
141
178
82
146
77
99
135
147
89
167
100
146
78
100
135
146
59
157
105
146
78
99
136
146
51
154
102
145
78
99
135
145
44
153
102
146
78
99
134
145
83
161
95
147
78
98
133
147
116
164
90
147
78
99
134
148
142
180
87
146
78
99
134
147
139
174
86
145
78
99
134
146
99
165
95
146
78
99
134
145
67
160
92
146
78
100
134
146
53
158
99
145
79
100
135
145
40
153
100
145
79
100
135
144
79
162
102
145
79
101
135
147
113
165
91
145
79
101
135
149
137
176
83
145
78
101
134
148
134
175
80
145
79
101
134
148
98
167
95
145
79
101
134
147
61
159
101
145
79
101
134
146
52
154
102
145
79
101
134
145
52
153
94
146
79
101
134
146
76
161
98
147
79
101
134
148
120
166
100
149
79
101
133
148
152
174
98
147
79
101
133
147
143
173
97
145
78
100
134
146
90
166
100
146
78
100
134
145
53
157
97
146
79
101
134
145
53
152
99
145
79
100
133
145
56
155
96
145
79
101
134
145
59
156
99
145
79
101
133
145
59
157
99
146
79
101
134
145
59
157
103
145
79
101
134
145
60
158
106
146
82
104
133
142
63
159
97
147
85
113
122
132
90
145
73
148
87
116
118
123
103
97
83
150
93
123
115
98
106
107
76
150
95
124
116
94
122
96
42
150
94
124
117
95
120
96
42
149
94
123
117
94
119
97
42
150
94
123
116
95
120
97
42
150
93
124
116
94
119
98
41
150
93
123
116
94
118
97
42
150
92
124
116
95
118
97
42
149
92
124
115
95
118
98
42
149
93
123
116
95
118
97
41
149
93
123
116
95
117
98
42
150
93
122
116
95
118
98
42
149
92
123
116
96
119
98
42
149
93
123
115
96
118
98
42
149
93
123
116
96
118
98
42
149
92
122
115
96
118
98
41
149
92
122
116
95
118
98
42
149
92
122
115
96
118
98
42
149
93
122
115
96
118
98
42
149
92
122
115
95
118
98
42
149
92
122
115
96
118
98
42
148
92
122
116
96
118
97
42
149
92
122
116
96
117
98
42
149
92
122
116
96
117
98
41
149
92
122
115
96
117
98
42
149
92
122
116
96
118
98
42
149
92
122
116
96
118
97
42
149
92
121
115
96
118
98
42
149
92
122
116
96
118
97
42
149
92
122
115
96
117
98
42
149
92
122
115
96
117
97
42
149
92
122
115
96
118
97
42
149
92
122
116
96
117
98
42
149
92
122
116
96
118
97
42
149
92
122
116
96
118
97
42
149
92
122
116
96
118
97
42
149
92
122
115
96
118
97
42
149
92
121
116
96
117
98
42
149
92
121
116
96
117
97
42
149
92
122
116
96
117
98
42
148
91
121
116
96
117
98
42
149
92
121
115
96
117
98
42
149
92
122
116
96
117
97
42
149
92
121
116
96
117
97
42
149
92
121
116
96
117
98
41
149
92
122
115
96
116
98
41
149
92
121
116
96
117
98
42
149
91
121
116
96
117
98
42
149
92
121
115
96
118
97
42
149
92
121
116
96
117
97
41
149
92
121
115
96
117
98
41
149
92
121
116
96
117
97
42
149
91
121
116
96
116
98
41
149
92
121
116
96
117
97
42
149
92
121
116
96
117
97
43
149
92
121
116
96
117
97
41
149
92
121
116
96
116
97
41
149
91
121
115
96
116
98
42
149
92
121
116
96
115
98
42
149
92
121
115
96
116
97
41
149
91
121
116
96
116
97
42
149
92
121
116
95
116
97
42
149
91
121
116
95
116
97
42
149
92
121
116
96
116
97
42
149
92
121
116
96
117
97
42
149
92
121
116
96
116
97
42
149
92
121
116
96
117
97
42
149
92
121
116
96
117
97
41
149
91
121
116
96
116
97
42
149
91
121
115
96
117
97
42
149
92
121
115
96
116
97
42
149
91
121
116
95
116
97
42
149
92
121
115
96
116
97
42
149
91
121
116
96
116
97
42
149
92
121
116
96
116
97
42
149
91
121
116
96
116
96
42
149
91
121
116
96
116
97
41
149
91
121
115
96
116
97
41
149
91
121
116
96
116
97
41
149
92
121
116
96
115
96
41
148
91
121
116
96
116
97
42
149
91
121
115
96
116
96
42
149
92
121
115
96
116
97
42
149
92
121
115
96
117
97
41
149
91
121
116
96
116
97
42
149
92
121
116
96
116
97
42
149
92
121
116
96
116
96
42
149
91
120
116
96
115
96
42
148
92
120
115
96
116
97
41
149
91
121
115
96
116
97
42
149
91
121
115
96
117
96
42
149
91
121
116
96
116
97
42
148
92
121
116
96
117
96
42
149
91
120
116
96
116
97
42
149
91
121
115
96
115
97
43
149
91
120
115
96
116
97
42
149
92
121
116
96
116
97
41
149
91
120
115
95
116
97
41
148
91
121
116
96
115
97
42
149
92
120
116
96
116
97
41
149
92
121
116
97
116
96
42
149
91
121
116
97
116
96
42
149
91
121
115
97
115
97
42
149
92
121
116
96
116
96
41
148
91
120
115
97
117
96
40
148
92
121
116
96
114
96
41
149
92
120
116
96
115
97
42
149
91
120
116
97
115
96
42
149
92
120
116
97
117
95
42
148
91
120
115
96
117
96
42
148
91
120
115
96
115
96
41
148
92
120
115
96
115
97
41
148
91
121
116
97
116
96
40
149
91
120
116
96
116
96
41
149
92
120
115
96
114
96
42
149
91
121
115
96
115
97
41
148
91
121
116
96
114
97
42
149
91
120
116
97
114
97
41
148
91
121
116
96
113
97
41
149
91
120
116
96
114
97
41
149
91
120
115
97
114
97
41
149
91
120
115
97
113
97
42
148
91
121
115
97
114
97
41
148
91
120
115
96
113
97
41
149
90
120
115
97
114
97
42
149
91
121
116
97
114
98
42
149
91
120
115
96
117
96
44
149
91
120
115
96
115
96
41
999