YOUR (YOU)
30
206
223
123
168
123
120
59
228
205
222
122
164
123
117
65
229
203
221
121
165
128
126
65
226
203
221
121
163
139
127
64
225
201
221
121
156
125
119
60
224
201
221
119
157
123
124
63
225
200
219
120
161
133
130
70
223
201
219
119
162
138
137
68
225
200
218
118
161
125
127
69
224
199
214
116
159
116
115
59
224
200
218
115
159
124
125
74
223
199
214
112
158
110
118
65
222
199
218
112
156
115
118
59
224
196
215
114
167
106
121
55
221
198
225
127
162
138
115
42
221
198
217
116
157
125
126
68
221
198
217
123
167
110
117
43
221
198
216
116
157
126
130
70
235
202
204
119
148
94
91
37
222
198
215
117
163
110
125
50
227
196
214
115
157
88
87
30
227
211
222
104
153
100
95
37
220
197
215
116
159
94
108
69
204
199
209
113
156
89
86
35
225
201
227
123
152
107
92
45
214
196
215
116
156
89
86
50
235
200
204
121
150
94
88
35
220
197
214
119
163
111
125
48
227
196
213
115
157
87
88
28
227
211
219
104
155
101
94
37
219
196
211
115
161
95
110
66
206
201
206
114
156
89
86
34
223
199
225
123
148
107
95
45
216
196
213
116
156
89
86
48
227
196
204
119
152
93
88
36
219
197
212
123
163
113
123
40
226
192
212
116
157
87
87
30
227
211
219
104
159
105
93
35
219
196
213
116
163
94
110
65
225
202
215
100
159
107
93
38
222
207
223
117
148
94
97
42
215
196
211
115
158
86
94
54
235
196
205
114
164
92
89
35
221
194
212
115
167
112
121
39
220
195
219
115
140
116
101
36
235
201
198
111
136
91
89
33
218
194
209
107
147
106
121
45
223
191
207
105
136
86
87
30
219
203
215
95
151
120
125
52
216
195
209
106
147
91
106
61
204
195
204
104
146
88
86
34
227
195
219
113
132
108
90
43
230
197
211
105
105
88
86
46
251
206
204
106
90
92
88
31
238
203
217
97
163
102
117
53
228
218
212
110
167
89
89
34
233
219
227
120
163
116
124
69
232
213
217
115
172
86
105
61
228
217
219
116
164
101
101
38
235
215
227
119
150
96
106
40
228
205
215
114
162
86
96
54
241
196
219
115
160
113
103
43
237
207
223
119
166
119
96
51
232
204
215
110
160
89
82
38
251
215
196
107
164
97
92
35
236
205
215
110
171
104
121
53
231
200
212
104
156
86
89
32
235
215
223
88
152
92
99
35
228
196
212
96
156
90
90
44
243
211
196
107
152
97
91
32
229
202
213
105
163
102
121
53
227
196
212
104
153
87
89
30
233
211
219
100
148
91
104
38
228
200
214
105
153
90
106
65
215
207
215
100
144
101
98
36
230
203
223
110
140
99
99
40
222
197
212
105
152
87
82
42
243
207
196
103
148
97
91
37
227
199
212
104
159
100
117
49
227
196
210
104
148
85
84
30
231
211
219
100
142
89
97
36
224
196
211
105
149
80
90
52
235
196
205
104
145
87
84
34
227
197
211
113
155
115
104
30
222
196
212
104
148
85
82
38
243
207
212
100
157
97
85
33
226
198
211
103
155
92
104
67
212
199
204
102
147
85
81
32
227
197
223
111
140
101
89
41
222
196
211
104
148
86
82
48
239
200
200
109
144
89
82
32
226
196
210
107
159
107
117
42
234
192
210
104
148
83
82
28
235
209
217
100
147
101
87
33
224
196
211
110
155
92
106
64
215
196
211
118
163
137
115
53
225
207
219
100
141
93
93
37
212
203
204
108
148
80
94
55
235
196
211
110
151
106
126
91
223
196
223
115
148
109
90
49
220
196
211
109
147
85
80
40
241
203
196
107
144
91
88
35
225
197
211
109
155
102
121
49
227
188
208
108
148
83
87
30
227
207
217
100
142
93
95
35
224
196
209
109
148
80
95
52
235
182
207
104
146
88
88
30
225
196
210
115
155
118
121
47
227
196
207
102
144
89
87
38
243
207
204
100
154
97
91
32
225
196
210
106
155
94
111
61
214
203
204
104
146
86
88
32
227
199
219
111
136
101
99
40
221
194
210
106
147
86
91
48
233
196
200
111
144
91
89
32
225
194
210
111
159
108
124
38
234
189
209
105
149
82
89
26
227
207
217
92
151
101
94
33
223
196
209
105
149
84
104
57
212
188
216
102
147
85
88
32
227
195
219
115
152
112
94
49
220
192
210
106
148
86
82
38
235
202
197
111
151
125
112
45
222
195
211
119
155
113
113
34
228
190
210
110
147
86
88
34
239
207
208
104
155
99
92
34
224
194
209
111
155
96
113
65
213
195
202
112
146
88
88
33
227
195
219
119
134
104
90
45
220
194
210
114
146
83
94
51
235
196
200
119
142
93
90
32
224
194
209
115
155
113
123
38
230
188
209
112
146
85
89
28
227
207
215
108
146
106
104
46
223
193
210
115
155
106
121
53
223
196
208
113
145
89
87
34
227
207
218
112
140
92
100
35
222
193
210
114
145
86
106
61
212
188
212
111
144
88
87
34
227
195
223
122
148
115
94
51
218
192
210
114
146
89
82
42
235
199
203
119
149
131
106
49
220
188
204
121
153
117
113
38
220
190
210
113
146
86
88
38
235
207
212
108
154
101
92
32
222
193
210
114
155
102
117
53
219
196
207
113
144
86
90
34
227
203
219
112
138
90
101
37
222
192
210
114
144
86
104
61
220
188
218
110
143
88
88
33
221
194
217
123
148
112
115
61
220
191
210
114
144
87
88
48
233
196
196
119
140
93
90
33
223
193
209
115
155
110
125
42
226
194
198
119
140
90
91
28
227
207
215
102
146
104
95
34
222
193
210
114
147
94
112
67
212
195
201
113
143
89
89
35
226
195
219
119
132
101
101
41
221
192
210
114
144
82
102
57
222
184
219
110
142
87
88
34
225
195
211
123
150
123
98
47
214
190
209
114
144
88
86
38
239
202
200
108
148
99
91
34
223
192
208
115
154
98
113
59
233
197
211
100
147
104
93
34
221
207
219
116
134
89
101
38
212
201
204
112
143
82
102
57
220
186
219
109
142
89
89
35
227
195
217
123
149
121
98
51
216
190
209
111
144
86
86
34
235
201
196
107
148
95
92
34
227
188
206
112
159
102
120
46
219
188
205
112
149
87
91
34
225
203
219
112
142
90
103
39
220
192
208
113
148
86
106
57
212
184
212
109
146
86
90
33
225
193
219
122
151
117
96
47
215
189
207
112
146
86
86
38
235
195
196
109
148
94
94
33
221
191
206
113
159
102
122
56
215
188
204
112
146
89
93
32
220
203
217
112
154
118
126
69
220
190
208
113
147
94
114
69
204
191
200
110
145
91
92
32
225
194
219
119
140
109
97
43
216
190
207
113
146
88
94
46
235
192
196
119
141
93
90
31
220
191
206
115
155
111
129
40
225
193
196
117
140
94
94
34
227
195
211
101
145
105
96
30
219
190
207
113
147
96
113
61
204
195
198
110
145
85
90
33
223
195
219
119
136
107
103
41
214
188
207
112
146
86
99
50
227
180
201
112
144
96
94
34
221
192
206
121
155
117
117
34
220
186
207
111
147
89
94
32
235
195
204
105
155
101
96
33
218
191
208
112
155
104
123
49
217
188
204
111
146
86
94
32
224
195
215
108
140
91
105
36
218
190
207
111
146
86
112
61
204
187
204
108
146
87
92
31
218
191
219
119
148
98
124
60
188
173
179
99
132
83
86
46
193
158
152
92
132
95
92
29
171
133
153
94
135
74
102
65
172
125
159
88
132
91
88
37
166
134
152
99
139
133
119
41
167
128
149
94
128
93
81
22
169
143
157
84
127
101
97
37
167
130
149
96
129
82
98
57
179
120
142
96
126
87
84
28
168
130
150
99
139
118
133
42
171
124
148
96
127
79
92
38
169
139
161
98
120
94
95
43
170
120
155
90
127
91
70
34
179
137
140
90
128
81
68
35
168
130
150
94
131
90
87
69
179
120
153
88
126
86
70
35
164
130
150
99
135
113
88
56
169
132
148
93
127
82
70
34
171
143
159
96
118
89
89
39
171
120
159
89
127
87
64
42
179
139
148
88
130
92
74
38
168
132
151
93
131
86
88
69
177
120
153
88
125
84
69
34
167
132
151
99
131
109
93
38
164
143
148
93
126
79
68
34
167
139
161
99
116
91
85
42
164
132
150
93
127
81
63
40
179
143
148
88
131
93
72
37
167
132
152
94
127
82
87
69
177
132
152
94
131
102
110
91
166
133
159
99
130
117
78
51
172
132
151
94
126
80
68
38
167
145
159
84
123
93
75
35
166
134
152
94
127
79
75
56
179
136
142
99
123
85
70
36
167
133
152
94
131
96
97
53
158
132
150
92
126
81
69
38
167
135
159
99
131
113
78
49
172
129
149
95
126
78
65
32
999