MY
134
85
106
112
80
168
98
94
141
99
115
100
81
185
105
93
139
86
108
110
81
167
115
123
132
81
114
108
78
165
96
93
139
86
109
121
86
212
114
101
136
85
108
111
79
165
94
96
147
99
113
100
83
186
103
91
139
87
108
110
80
171
118
129
132
84
108
108
78
166
96
91
133
89
115
121
85
208
107
107
132
85
109
111
79
164
94
99
147
95
109
104
86
184
101
92
139
86
108
110
83
176
120
133
132
87
103
109
79
164
97
93
137
87
115
121
83
202
108
97
138
84
107
111
80
166
96
94
139
95
113
100
82
186
103
91
132
88
104
110
80
168
114
125
140
84
109
111
83
212
157
125
142
87
115
115
72
184
105
103
136
86
106
111
80
164
98
111
151
88
100
115
76
171
98
91
139
86
108
109
89
188
129
112
132
90
105
110
80
165
96
91
139
88
115
119
76
189
109
101
135
85
108
111
80
165
102
114
146
76
105
109
77
167
97
92
139
87
108
115
91
199
133
102
144
88
96
111
76
172
98
94
139
91
115
117
70
182
109
99
134
85
107
113
81
165
91
104
153
91
100
111
78
175
98
93
138
86
108
111
87
180
124
123
132
91
104
110
80
165
96
92
139
89
115
119
80
191
102
103
134
86
109
112
80
165
92
107
153
91
96
113
76
173
98
93
135
84
105
110
83
178
121
130
132
87
104
109
79
167
96
92
137
89
115
123
85
207
106
108
132
85
109
111
80
166
92
102
155
93
100
106
84
176
99
94
138
84
107
109
83
176
120
132
132
87
105
109
80
166
95
93
139
89
115
121
85
199
103
111
133
86
109
111
80
163
91
102
147
93
108
112
81
188
118
134
139
88
108
115
87
195
133
110
139
84
107
110
80
166
97
94
139
95
115
115
72
178
115
99
136
86
108
111
82
167
98
112
151
90
100
115
76
172
97
93
139
87
109
110
91
186
128
117
133
92
106
110
80
166
95
94
141
89
115
119
76
187
109
103
136
87
108
111
81
166
96
113
147
88
100
115
78
170
97
92
139
88
109
109
91
192
133
113
132
90
106
110
80
166
97
95
141
95
115
118
70
180
112
99
140
88
108
110
82
167
94
110
159
94
100
115
76
169
97
95
150
84
108
115
91
189
129
110
137
94
104
119
80
167
96
96
141
91
115
131
72
182
108
104
132
85
104
124
78
164
102
121
147
78
107
124
76
170
97
98
141
89
108
131
89
198
133
106
147
84
105
127
79
167
97
94
141
99
115
125
74
174
113
101
141
88
107
127
80
163
114
131
140
84
115
122
79
170
98
99
137
91
109
131
87
209
117
105
140
86
108
124
80
166
97
102
147
99
109
112
87
180
102
100
140
89
108
122
91
184
128
125
134
97
104
121
81
164
96
94
139
91
115
130
76
189
103
107
136
87
109
120
85
165
96
118
151
91
100
123
76
174
99
99
139
88
109
118
91
186
129
123
132
94
104
118
80
166
95
99
141
89
115
129
76
191
105
107
136
87
107
120
79
166
98
120
151
89
100
126
76
172
96
97
137
87
109
119
89
192
133
119
132
92
106
119
79
165
96
99
137
91
115
127
68
184
109
104
132
86
104
117
78
167
104
120
143
78
111
116
77
167
96
98
136
91
108
127
87
203
127
104
139
91
96
123
74
175
99
95
135
99
115
125
68
179
115
103
118
91
102
118
78
166
102
123
139
84
111
112
77
167
96
95
135
89
108
131
87
204
123
98
135
85
106
122
80
167
96
94
134
95
115
127
78
203
135
141
132
89
109
121
79
164
106
124
138
84
114
116
78
168
96
97
132
89
108
131
89
203
121
98
139
84
105
121
80
167
98
94
134
99
115
124
83
206
136
144
132
89
109
121
79
163
110
127
134
84
115
116
78
168
96
97
128
91
108
131
87
212
119
103
136
86
107
120
79
166
98
102
145
99
110
112
83
185
102
99
131
86
105
118
81
177
120
138
124
87
106
118
78
167
96
99
132
89
113
131
83
207
125
134
126
88
108
120
79
165
94
106
147
97
100
116
80
176
100
99
134
90
108
118
89
184
127
125
126
95
105
118
79
167
97
99
133
93
115
127
76
191
103
109
132
88
108
120
78
166
96
118
147
94
100
123
72
173
101
100
133
90
107
131
83
202
127
108
139
86
107
120
78
167
96
95
135
99
115
120
73
175
109
102
132
89
109
120
78
166
114
133
132
87
108
120
82
216
161
133
135
91
115
127
72
191
105
110
128
88
108
120
78
166
102
120
139
80
104
120
76
168
99
100
132
89
107
131
86
202
125
104
139
86
107
120
78
166
98
95
131
99
115
116
74
177
111
102
129
89
109
120
78
170
118
133
120
85
108
117
77
168
99
100
131
91
115
129
80
197
104
117
125
88
108
120
78
167
94
112
143
95
96
119
76
175
101
100
130
90
107
119
87
190
133
121
124
92
105
119
78
166
99
101
131
99
115
124
72
176
119
105
116
93
103
118
78
166
110
130
130
84
113
116
76
168
99
101
129
89
107
131
83
212
113
113
124
86
108
119
78
168
98
106
143
98
104
113
85
183
103
101
128
89
106
121
86
189
131
122
124
92
105
118
78
167
98
100
131
99
115
125
70
178
117
106
124
88
108
120
78
164
106
127
130
91
111
121
68
182
121
107
125
89
115
127
80
196
105
119
122
87
108
119
79
166
94
112
131
95
100
117
78
176
102
101
124
89
109
123
87
196
139
114
123
84
106
119
78
166
98
98
123
99
115
123
72
177
119
105
120
88
108
119
79
164
107
128
126
84
111
112
78
169
99
100
120
89
107
127
83
211
116
109
116
86
107
119
79
167
98
102
123
99
109
112
85
183
104
101
106
88
108
119
87
185
129
125
90
95
104
118
78
166
98
101
97
91
115
126
72
189
107
111
76
86
107
120
79
165
94
111
147
99
108
112
87
180
103
101
138
89
106
120
87
189
133
125
132
95
104
118
79
166
98
100
141
95
115
125
68
180
115
107
136
89
106
120
79
166
106
126
143
80
111
113
77
168
99
101
139
90
107
127
86
207
119
107
140
86
107
119
79
166
100
102
147
95
100
116
80
176
102
102
138
89
106
121
87
193
133
117
135
88
106
119
79
167
99
100
143
98
115
120
74
173
112
104
137
89
106
120
80
166
115
133
136
84
114
116
79
168
102
101
140
90
115
127
76
189
109
113
135
89
106
120
80
167
102
121
145
80
103
120
77
170
101
102
138
89
107
127
85
210
116
113
134
86
107
119
80
166
98
106
153
95
106
112
83
185
105
102
137
89
107
120
87
189
131
125
132
94
104
118
79
167
98
101
142
97
115
125
72
180
117
108
136
89
106
120
80
166
107
128
142
91
112
121
68
184
120
109
138
89
115
129
83
201
106
120
139
76
111
112
78
169
96
111
147
95
100
116
84
178
102
102
137
89
106
121
87
195
138
127
135
86
106
119
80
168
99
102
132
95
113
116
76
175
117
106
136
88
108
119
80
167
115
133
132
84
114
116
80
168
99
102
139
88
115
129
87
200
106
121
140
86
107
119
83
167
96
110
151
97
100
112
84
178
103
103
136
90
106
121
89
194
139
121
135
87
106
118
81
169
100
104
143
98
114
108
79
184
108
106
137
89
106
119
83
175
122
143
124
87
104
116
81
168
100
103
141
95
115
123
70
178
115
111
136
89
106
119
82
164
110
129
143
80
111
112
80
169
100
103
137
89
114
129
86
205
108
122
132
87
107
119
82
166
96
111
147
95
100
114
84
178
103
103
134
86
105
119
89
195
138
127
138
89
111
123
88
242
133
116
139
97
113
108
79
181
107
105
136
88
108
119
83
180
122
143
124
89
104
116
82
164
99
103
141
91
115
126
76
189
103
115
134
88
106
119
83
167
98
129
147
92
100
123
76
173
105
110
137
89
106
127
91
203
127
118
143
84
107
118
82
168
103
106
147
97
108
110
87
184
107
109
136
89
106
120
91
184
132
133
132
95
104
118
82
170
102
110
138
95
115
116
78
180
108
104
136
87
110
114
88
150
114
128
132
91
114
112
84
185
99
96
135
90
115
119
99
211
94
90
143
84
110
110
98
167
82
86
141
99
123
110
92
168
105
85
137
88
113
107
99
148
70
116
151
92
105
114
100
154
52
91
139
88
114
107
111
188
101
112
145
85
113
107
103
153
59
96
147
99
119
94
101
171
66
99
137
89
114
106
105
152
64
123
142
80
119
100
100
157
59
99
139
89
113
115
110
197
75
109
141
84
108
105
100
158
58
102
147
95
100
103
101
163
60
99
145
84
112
105
113
172
86
118
132
95
108
106
102
155
59
98
141
95
123
112
92
166
74
101
139
93
121
100
100
171
62
118
146
84
108
108
100
157
58
96
140
87
106
111
111
190
85
102
147
85
111
106
102
153
56
90
145
99
119
94
100
156
69
99
136
88
113
104
104
153
62
119
143
80
115
100
100
155
55
94
138
89
113
113
107
193
73
101
140
84
108
104
100
156
59
96
147
99
116
100
107
168
61
93
138
88
114
105
103
162
76
130
132
87
112
103
100
153
56
92
999